{"Bray_Curtis": [["dlib x VGG-Face", ["Anthar1_Ideal_1.png", "Anthar2_Ideal_2.png", "Anthar3_Ideal_3.png", "Anthar4_Mid_1.png", "Anthar5_Mid_2.png", "Anthar7_right_1.png", "Anthar8_low_1.png", "Dani1_Ideal_1.png", "Dani2_Ideal_2.png", "Dani3_Ideal_3.png", "Dani4_Mid_1.png", "Dani5_Mid_2.png", "Dani6_left_1.png", "Dani7_right_1.png", "Dani8_low_1.png", "Gofur1_Ideal_1.png", "Gofur2_Ideal_2.png", "Gofur3_Ideal_3.png", "Gofur4_Mid_1.png", "Gofur5_Mid_2.png", "Gofur6_left_1.png", "Gofur7_right_1.png", "Gofur9_hi_1.png"], [[0.0, 0.4375251860622137, 0.6205094157130769, 0.5375553153896061, 0.6387321704979069, 0.6135910062922882, 0.7621194409146952, 0.7271594383754774, 0.6623668457719194, 0.5946228056949036, 0.706774551780957, 0.722396003769832, 0.7373553520815771, 0.5902148541109626, 0.7807528204680622, 0.6892722743479756, 0.6222284743265424, 0.7014062571315213, 0.6942889647368888, 0.668523593707305, 0.7184249144115368, 0.706386730537746, 0.5795799129203545], [0.4375251860622137, 0.0, 0.5687958493150033, 0.5398856377547103, 0.6300552263593738, 0.615457282131994, 0.7569806145036033, 0.7619510070736386, 0.6886675819011336, 0.6284568435621438, 0.7602425520307864, 0.7385570403385571, 0.7624889858657704, 0.6813850104709386, 0.7432840938022109, 0.6998658419484506, 0.6439979240894846, 0.7245498416100289, 0.7137039485413978, 0.709438663179599, 0.6723677803960344, 0.7367165969163958, 0.6593011199553969], [0.6205094157130769, 0.5687958493150033, 0.0, 0.47922219567564445, 0.48033101893580615, 0.6397248846871084, 0.6045465458024801, 0.8610955620260478, 0.8114419448177628, 0.7409455609115326, 0.8354792664174792, 0.7724780173642247, 0.7763756018254525, 0.7582654579739068, 0.6924222043268025, 0.7818475835171612, 0.7324583844607829, 0.7818231837240139, 0.7171701698448743, 0.72292355010359, 0.6550647758418353, 0.7204848501405493, 0.7941343487474752], [0.5375553153896061, 0.5398856377547103, 0.47922219567564445, 0.0, 0.5964117853799081, 0.6579798135987164, 0.6358776668549717, 0.782231470309392, 0.7106400740960356, 0.6680429500721651, 0.7445585404895803, 0.72314314591583, 0.7594096224914155, 0.7333740891119437, 0.7686386515512098, 0.7431435464477363, 0.7028995573654981, 0.7547889252564799, 0.7077942870691631, 0.7011800753131447, 0.6999440052022691, 0.7083293702077275, 0.7230246841325562], [0.6387321704979069, 0.6300552263593738, 0.48033101893580615, 0.5964117853799081, 0.0, 0.6688266660248539, 0.6798144481442472, 0.8391508436359294, 0.8192557685114665, 0.7375095094552162, 0.752746405796359, 0.7613735049596815, 0.7484403230498575, 0.6808144070270049, 0.7472011731723381, 0.6965455828354294, 0.6795323740841059, 0.6844750026320658, 0.7017335862603767, 0.7042583936125835, 0.660078958064903, 0.7295343107674982, 0.7797652658001571], [0.6135910062922882, 0.615457282131994, 0.6397248846871084, 0.6579798135987164, 0.6688266660248539, 0.0, 0.7352671771664604, 0.7569289758027019, 0.6587740378854628, 0.6665967246787653, 0.7953103520933821, 0.7943579490930313, 0.699745163039471, 0.6454917428129885, 0.7052543982225254, 0.7465426933956122, 0.7146660343853545, 0.778036505342297, 0.729312692703179, 0.7490456050341765, 0.7033955373755908, 0.682011487320704, 0.7324047532731904], [0.7621194409146952, 0.7569806145036033, 0.6045465458024801, 0.6358776668549717, 0.6798144481442472, 0.7352671771664604, 0.0, 0.8803287004775819, 0.8318916195211796, 0.8253231832571547, 0.8740121813225163, 0.8487080070231213, 0.8780058554352023, 0.8424325467130717, 0.6834899682769039, 0.8296142519368731, 0.8189583331052265, 0.8595719101551018, 0.8183276629557092, 0.8183174101462857, 0.7580820781362793, 0.7527781924406209, 0.831564046757659], [0.7271594383754774, 0.7619510070736386, 0.8610955620260478, 0.782231470309392, 0.8391508436359294, 0.7569289758027019, 0.8803287004775819, 0.0, 0.4103174587315708, 0.38725806887568204, 0.5415213258430512, 0.543227621116364, 0.6323681458667362, 0.661605635261023, 0.8690834732944748, 0.5971279406466761, 0.6176862785904547, 0.6216958236090522, 0.6538186005031139, 0.6223286958349287, 0.7834116082437688, 0.7548750991470379, 0.6869344684597632], [0.6623668457719194, 0.6886675819011336, 0.8114419448177628, 0.7106400740960356, 0.8192557685114665, 0.6587740378854628, 0.8318916195211796, 0.4103174587315708, 0.0, 0.34000661237966345, 0.6176775662226452, 0.6590255867123063, 0.6322325392822137, 0.6633340007496334, 0.8050267593450463, 0.6537434891504965, 0.6600283604644506, 0.6939021825059912, 0.6878970515847519, 0.6648993523932395, 0.7932754741858402, 0.7800573744667779, 0.701558827131686], [0.5946228056949036, 0.6284568435621438, 0.7409455609115326, 0.6680429500721651, 0.7375095094552162, 0.6665967246787653, 0.8253231832571547, 0.38725806887568204, 0.34000661237966345, 0.0, 0.5565736220444774, 0.5830093477970665, 0.57327149619986, 0.582607500818946, 0.8072917273278841, 0.588237186089467, 0.5552135411598227, 0.615616573066301, 0.6097025230965938, 0.5992046808719597, 0.6870201937359904, 0.6903391482079676, 0.661877146484635], [0.706774551780957, 0.7602425520307864, 0.8354792664174792, 0.7445585404895803, 0.752746405796359, 0.7953103520933821, 0.8740121813225163, 0.5415213258430512, 0.6176775662226452, 0.5565736220444774, 0.0, 0.6016814609165252, 0.622645922596625, 0.5844613762991862, 0.8717988189383907, 0.6172749428211811, 0.6098511612099778, 0.6207922328798624, 0.7078606027737654, 0.6600130781390396, 0.7135423583870982, 0.6824490527657003, 0.6886107390884808], [0.722396003769832, 0.7385570403385571, 0.7724780173642247, 0.72314314591583, 0.7613735049596815, 0.7943579490930313, 0.8487080070231213, 0.543227621116364, 0.6590255867123063, 0.5830093477970665, 0.6016814609165252, 0.0, 0.7346514715580874, 0.7102857551865159, 0.8526971402618883, 0.680493694955595, 0.6688356274914821, 0.6616369461218391, 0.6946451972636775, 0.6484463080496438, 0.694249833668341, 0.6779147122191983, 0.7282106211612702], [0.7373553520815771, 0.7624889858657704, 0.7763756018254525, 0.7594096224914155, 0.7484403230498575, 0.699745163039471, 0.8780058554352023, 0.6323681458667362, 0.6322325392822137, 0.57327149619986, 0.622645922596625, 0.7346514715580874, 0.0, 0.5556134942741324, 0.8277060080930071, 0.6283169480382671, 0.607319733686141, 0.6178447457830704, 0.6764808250556692, 0.6420984381846725, 0.7022338319101966, 0.6476629014792417, 0.7375448963641555], [0.5902148541109626, 0.6813850104709386, 0.7582654579739068, 0.7333740891119437, 0.6808144070270049, 0.6454917428129885, 0.8424325467130717, 0.661605635261023, 0.6633340007496334, 0.582607500818946, 0.5844613762991862, 0.7102857551865159, 0.5556134942741324, 0.0, 0.8098049385855839, 0.5690970692720816, 0.46925243090304464, 0.5738933842155032, 0.560372931882701, 0.5534006359793735, 0.7018554909966942, 0.5699639331052252, 0.5990232545846473], [0.7807528204680622, 0.7432840938022109, 0.6924222043268025, 0.7686386515512098, 0.7472011731723381, 0.7052543982225254, 0.6834899682769039, 0.8690834732944748, 0.8050267593450463, 0.8072917273278841, 0.8717988189383907, 0.8526971402618883, 0.8277060080930071, 0.8098049385855839, 0.0, 0.8155100383349774, 0.813922198830943, 0.8458456375989739, 0.8289231194873613, 0.7988587382065189, 0.7548894142713246, 0.7871245219444301, 0.8313308617673866], [0.6892722743479756, 0.6998658419484506, 0.7818475835171612, 0.7431435464477363, 0.6965455828354294, 0.7465426933956122, 0.8296142519368731, 0.5971279406466761, 0.6537434891504965, 0.588237186089467, 0.6172749428211811, 0.680493694955595, 0.6283169480382671, 0.5690970692720816, 0.8155100383349774, 0.0, 0.3292609775625458, 0.2803653556519441, 0.4052920682035229, 0.368647922779029, 0.6441243939154486, 0.5525672651523166, 0.515344856212129], [0.6222284743265424, 0.6439979240894846, 0.7324583844607829, 0.7028995573654981, 0.6795323740841059, 0.7146660343853545, 0.8189583331052265, 0.6176862785904547, 0.6600283604644506, 0.5552135411598227, 0.6098511612099778, 0.6688356274914821, 0.607319733686141, 0.46925243090304464, 0.813922198830943, 0.3292609775625458, 0.0, 0.35047961929541127, 0.4053785200327591, 0.3956676737386102, 0.6125950339373619, 0.4983249275988386, 0.47464931000221355], [0.7014062571315213, 0.7245498416100289, 0.7818231837240139, 0.7547889252564799, 0.6844750026320658, 0.778036505342297, 0.8595719101551018, 0.6216958236090522, 0.6939021825059912, 0.615616573066301, 0.6207922328798624, 0.6616369461218391, 0.6178447457830704, 0.5738933842155032, 0.8458456375989739, 0.2803653556519441, 0.35047961929541127, 0.0, 0.3322487489622609, 0.29174936980496474, 0.6555218593417081, 0.5228263546685066, 0.5602805211783501], [0.6942889647368888, 0.7137039485413978, 0.7171701698448743, 0.7077942870691631, 0.7017335862603767, 0.729312692703179, 0.8183276629557092, 0.6538186005031139, 0.6878970515847519, 0.6097025230965938, 0.7078606027737654, 0.6946451972636775, 0.6764808250556692, 0.560372931882701, 0.8289231194873613, 0.4052920682035229, 0.4053785200327591, 0.3322487489622609, 0.0, 0.3247220856668261, 0.6428322393026105, 0.5410157986804425, 0.5827569963429486], [0.668523593707305, 0.709438663179599, 0.72292355010359, 0.7011800753131447, 0.7042583936125835, 0.7490456050341765, 0.8183174101462857, 0.6223286958349287, 0.6648993523932395, 0.5992046808719597, 0.6600130781390396, 0.6484463080496438, 0.6420984381846725, 0.5534006359793735, 0.7988587382065189, 0.368647922779029, 0.3956676737386102, 0.29174936980496474, 0.3247220856668261, 0.0, 0.6715618261111052, 0.5192023102242835, 0.5314493382448373], [0.7184249144115368, 0.6723677803960344, 0.6550647758418353, 0.6999440052022691, 0.660078958064903, 0.7033955373755908, 0.7580820781362793, 0.7834116082437688, 0.7932754741858402, 0.6870201937359904, 0.7135423583870982, 0.694249833668341, 0.7022338319101966, 0.7018554909966942, 0.7548894142713246, 0.6441243939154486, 0.6125950339373619, 0.6555218593417081, 0.6428322393026105, 0.6715618261111052, 0.0, 0.5337487564251541, 0.71349093609836], [0.706386730537746, 0.7367165969163958, 0.7204848501405493, 0.7083293702077275, 0.7295343107674982, 0.682011487320704, 0.7527781924406209, 0.7548750991470379, 0.7800573744667779, 0.6903391482079676, 0.6824490527657003, 0.6779147122191983, 0.6476629014792417, 0.5699639331052252, 0.7871245219444301, 0.5525672651523166, 0.4983249275988386, 0.5228263546685066, 0.5410157986804425, 0.5192023102242835, 0.5337487564251541, 0.0, 0.6333329862125047], [0.5795799129203545, 0.6593011199553969, 0.7941343487474752, 0.7230246841325562, 0.7797652658001571, 0.7324047532731904, 0.831564046757659, 0.6869344684597632, 0.701558827131686, 0.661877146484635, 0.6886107390884808, 0.7282106211612702, 0.7375448963641555, 0.5990232545846473, 0.8313308617673866, 0.515344856212129, 0.47464931000221355, 0.5602805211783501, 0.5827569963429486, 0.5314493382448373, 0.71349093609836, 0.6333329862125047, 0.0]]], ["dlib x Facenet", ["Anthar1_Ideal_1.png", "Anthar2_Ideal_2.png", "Anthar3_Ideal_3.png", "Anthar4_Mid_1.png", "Anthar5_Mid_2.png", "Anthar7_right_1.png", "Anthar8_low_1.png", "Dani1_Ideal_1.png", "Dani2_Ideal_2.png", "Dani3_Ideal_3.png", "Dani4_Mid_1.png", "Dani5_Mid_2.png", "Dani6_left_1.png", "Dani7_right_1.png", "Dani8_low_1.png", "Gofur1_Ideal_1.png", "Gofur2_Ideal_2.png", "Gofur3_Ideal_3.png", "Gofur4_Mid_1.png", "Gofur5_Mid_2.png", "Gofur6_left_1.png", "Gofur7_right_1.png", "Gofur9_hi_1.png"], [[0.0, 0.2659530990227719, 0.3468728715876323, 0.49446253778228494, 0.42529851766896287, 0.6373186300314378, 0.6654514824227806, 0.7287505740205814, 0.46472819925716846, 0.4715375595793664, 0.5978626664029512, 0.7187908171957437, 0.595030100367564, 0.7612460395618396, 0.4013217255961807, 0.5405900954508714, 0.557282246667867, 0.5614642416784082, 0.570520174981436, 0.3593448121669154, 0.6095505800389632, 0.4929060480008451, 0.2895581569872993], [0.2659530990227719, 0.0, 0.4276868497055022, 0.5942167059123973, 0.510935679727713, 0.6982323565995947, 0.7319080351917415, 0.8516611249542543, 0.40812079693086495, 0.5960189477181735, 0.7603318492146155, 0.7883784846663036, 0.7291292093001082, 0.856242949386053, 0.37053746446151464, 0.6644235548670252, 0.663737958694954, 0.6679487239551081, 0.6959049862138431, 0.4983347476184596, 0.713866129865859, 0.5849379410819533, 0.22300260763176324], [0.3468728715876323, 0.4276868497055022, 0.0, 0.5884764748362704, 0.26303488695741944, 0.7294949954434591, 0.536554038569784, 0.7126903641562234, 0.5511929755343614, 0.511272347739473, 0.6271317332461738, 0.7706842871327679, 0.6379729211755313, 0.810271892124777, 0.46609280469304176, 0.5823360444120332, 0.5978024293256026, 0.6233494190107286, 0.5909731164902744, 0.5011255784399578, 0.6314501454450707, 0.6008746151841728, 0.44899745667468965], [0.49446253778228494, 0.5942167059123973, 0.5884764748362704, 0.0, 0.558741834821467, 0.4583850653292995, 0.7073271202911637, 0.5945268038845168, 0.599726318556278, 0.4283161989814418, 0.5771353033777048, 0.6011410114875543, 0.5133864395186117, 0.6000042773343697, 0.6583308636149966, 0.4677366989213817, 0.4613416594556171, 0.4601977334515045, 0.48164789055868995, 0.3764329529936911, 0.6438349644763852, 0.47328888270335373, 0.5936576941021554], [0.42529851766896287, 0.510935679727713, 0.26303488695741944, 0.558741834821467, 0.0, 0.710794355800403, 0.5362857649172461, 0.6299383431634146, 0.557514876814382, 0.4265756918994979, 0.479852005357477, 0.6573100235542939, 0.5562541342355849, 0.7743962716852013, 0.587107236727817, 0.4355401055487571, 0.45281940703728735, 0.47984326624273993, 0.4505981643862361, 0.47548270308962776, 0.5678135852567784, 0.4680677547486452, 0.5025977472093504], [0.6373186300314378, 0.6982323565995947, 0.7294949954434591, 0.4583850653292995, 0.710794355800403, 0.0, 0.6974288657080782, 0.6638892827674431, 0.5487543460057885, 0.6192114915374929, 0.7667149340546289, 0.6560595041855142, 0.6289058470003654, 0.5277321503223125, 0.6861060648900104, 0.6678133539884114, 0.7394284829339175, 0.7705954502455936, 0.6057474014593013, 0.5713922247218091, 0.7918731746552733, 0.7146278199356224, 0.6405130160383263], [0.6654514824227806, 0.7319080351917415, 0.536554038569784, 0.7073271202911637, 0.5362857649172461, 0.6974288657080782, 0.0, 0.8161655904340109, 0.6936379124007328, 0.7042411309579449, 0.7821109676782732, 0.9102330957182252, 0.8074246879113689, 0.9916315084048871, 0.6536778099168989, 0.7302068675004065, 0.7663014885284988, 0.8136359098249943, 0.6894050030202215, 0.7744145508655034, 0.771044150442121, 0.7365789263538072, 0.6707050174997445], [0.7287505740205814, 0.8516611249542543, 0.7126903641562234, 0.5945268038845168, 0.6299383431634146, 0.6638892827674431, 0.8161655904340109, 0.0, 0.7754213796899924, 0.5354201465297844, 0.37363721482042606, 0.4461384895954599, 0.44995549505626103, 0.42071267871151596, 0.8390006759043176, 0.6231184189397144, 0.5570793793819147, 0.6820589428070205, 0.634001982577536, 0.6598424228000753, 0.6990018507686123, 0.7121543761008273, 0.7879957248098615], [0.46472819925716846, 0.40812079693086495, 0.5511929755343614, 0.599726318556278, 0.557514876814382, 0.5487543460057885, 0.6936379124007328, 0.7754213796899924, 0.0, 0.5218474178292586, 0.7006848555443992, 0.8238184606493819, 0.6493721660694352, 0.7933314309049929, 0.5014316993684718, 0.7298892135792296, 0.7411722578715048, 0.733255319043406, 0.7556684127779895, 0.6150668175206735, 0.7642850300677909, 0.6671996094069544, 0.3538113499617613], [0.4715375595793664, 0.5960189477181735, 0.511272347739473, 0.4283161989814418, 0.4265756918994979, 0.6192114915374929, 0.7042411309579449, 0.5354201465297844, 0.5218474178292586, 0.0, 0.3247026367428606, 0.6330424415064895, 0.39706489766741493, 0.653647128908584, 0.6305081457257683, 0.4099214799388604, 0.35198973631792585, 0.4330305935534794, 0.47927461888740247, 0.3870944251102486, 0.4626174896229141, 0.45714914822113256, 0.5357708628410438], [0.5978626664029512, 0.7603318492146155, 0.6271317332461738, 0.5771353033777048, 0.479852005357477, 0.7667149340546289, 0.7821109676782732, 0.37363721482042606, 0.7006848555443992, 0.3247026367428606, 0.0, 0.6042314487952889, 0.3611028188154506, 0.5828437650021534, 0.7641983596347075, 0.457432325656779, 0.41342482485112575, 0.5203997740637554, 0.5187655105050284, 0.5097903349626038, 0.5571266017065869, 0.5386097503104501, 0.6690269795219709], [0.7187908171957437, 0.7883784846663036, 0.7706842871327679, 0.6011410114875543, 0.6573100235542939, 0.6560595041855142, 0.9102330957182252, 0.4461384895954599, 0.8238184606493819, 0.6330424415064895, 0.6042314487952889, 0.0, 0.646556327706658, 0.5545780698036563, 0.8410463791270086, 0.6187865566555265, 0.5525908036421578, 0.6083818917952916, 0.6692633881656498, 0.7071627968207432, 0.699734525318629, 0.542839782281879, 0.8030891052773952], [0.595030100367564, 0.7291292093001082, 0.6379729211755313, 0.5133864395186117, 0.5562541342355849, 0.6289058470003654, 0.8074246879113689, 0.44995549505626103, 0.6493721660694352, 0.39706489766741493, 0.3611028188154506, 0.646556327706658, 0.0, 0.4867896212290073, 0.7635404536454627, 0.4607296405971745, 0.38554233759294254, 0.4824376309813713, 0.5258856890455234, 0.4548012769775631, 0.422900498593787, 0.4850587092129414, 0.6407939938692345], [0.7612460395618396, 0.856242949386053, 0.810271892124777, 0.6000042773343697, 0.7743962716852013, 0.5277321503223125, 0.9916315084048871, 0.42071267871151596, 0.7933314309049929, 0.653647128908584, 0.5828437650021534, 0.5545780698036563, 0.4867896212290073, 0.0, 0.8932453067772675, 0.7183611906409372, 0.6860969908919657, 0.7635357052327992, 0.65586685100946, 0.6383527564218576, 0.7254101194523049, 0.746385429403858, 0.8040567344525189], [0.4013217255961807, 0.37053746446151464, 0.46609280469304176, 0.6583308636149966, 0.587107236727817, 0.6861060648900104, 0.6536778099168989, 0.8390006759043176, 0.5014316993684718, 0.6305081457257683, 0.7641983596347075, 0.8410463791270086, 0.7635404536454627, 0.8932453067772675, 0.0, 0.8189215563227202, 0.7972184053119551, 0.8423376654623382, 0.8236535959927552, 0.6603928065591069, 0.7373312092114283, 0.7321242400783774, 0.346491557154954], [0.5405900954508714, 0.6644235548670252, 0.5823360444120332, 0.4677366989213817, 0.4355401055487571, 0.6678133539884114, 0.7302068675004065, 0.6231184189397144, 0.7298892135792296, 0.4099214799388604, 0.457432325656779, 0.6187865566555265, 0.4607296405971745, 0.7183611906409372, 0.8189215563227202, 0.0, 0.19717025386365278, 0.17884056918947133, 0.26352400059595377, 0.3593860846525712, 0.48624480630670847, 0.349836081068286, 0.6728926865082696], [0.557282246667867, 0.663737958694954, 0.5978024293256026, 0.4613416594556171, 0.45281940703728735, 0.7394284829339175, 0.7663014885284988, 0.5570793793819147, 0.7411722578715048, 0.35198973631792585, 0.41342482485112575, 0.5525908036421578, 0.38554233759294254, 0.6860969908919657, 0.7972184053119551, 0.19717025386365278, 0.0, 0.2044822683389108, 0.3312332238032646, 0.3823784819230816, 0.4145984710214758, 0.3020518468588329, 0.6648357287720634], [0.5614642416784082, 0.6679487239551081, 0.6233494190107286, 0.4601977334515045, 0.47984326624273993, 0.7705954502455936, 0.8136359098249943, 0.6820589428070205, 0.733255319043406, 0.4330305935534794, 0.5203997740637554, 0.6083818917952916, 0.4824376309813713, 0.7635357052327992, 0.8423376654623382, 0.17884056918947133, 0.2044822683389108, 0.0, 0.34486733031824285, 0.38990651482168226, 0.4768751148136071, 0.3169698776599543, 0.6809626399329753], [0.570520174981436, 0.6959049862138431, 0.5909731164902744, 0.48164789055868995, 0.4505981643862361, 0.6057474014593013, 0.6894050030202215, 0.634001982577536, 0.7556684127779895, 0.47927461888740247, 0.5187655105050284, 0.6692633881656498, 0.5258856890455234, 0.65586685100946, 0.8236535959927552, 0.26352400059595377, 0.3312332238032646, 0.34486733031824285, 0.0, 0.34879341807005726, 0.5213017537494116, 0.4807036754486249, 0.7008255724266178], [0.3593448121669154, 0.4983347476184596, 0.5011255784399578, 0.3764329529936911, 0.47548270308962776, 0.5713922247218091, 0.7744145508655034, 0.6598424228000753, 0.6150668175206735, 0.3870944251102486, 0.5097903349626038, 0.7071627968207432, 0.4548012769775631, 0.6383527564218576, 0.6603928065591069, 0.3593860846525712, 0.3823784819230816, 0.38990651482168226, 0.34879341807005726, 0.0, 0.5323539491888943, 0.43032167855981984, 0.49299747962100976], [0.6095505800389632, 0.713866129865859, 0.6314501454450707, 0.6438349644763852, 0.5678135852567784, 0.7918731746552733, 0.771044150442121, 0.6990018507686123, 0.7642850300677909, 0.4626174896229141, 0.5571266017065869, 0.699734525318629, 0.422900498593787, 0.7254101194523049, 0.7373312092114283, 0.48624480630670847, 0.4145984710214758, 0.4768751148136071, 0.5213017537494116, 0.5323539491888943, 0.0, 0.4379811845235127, 0.6612122057563824], [0.4929060480008451, 0.5849379410819533, 0.6008746151841728, 0.47328888270335373, 0.4680677547486452, 0.7146278199356224, 0.7365789263538072, 0.7121543761008273, 0.6671996094069544, 0.45714914822113256, 0.5386097503104501, 0.542839782281879, 0.4850587092129414, 0.746385429403858, 0.7321242400783774, 0.349836081068286, 0.3020518468588329, 0.3169698776599543, 0.4807036754486249, 0.43032167855981984, 0.4379811845235127, 0.0, 0.5635374485829365], [0.2895581569872993, 0.22300260763176324, 0.44899745667468965, 0.5936576941021554, 0.5025977472093504, 0.6405130160383263, 0.6707050174997445, 0.7879957248098615, 0.3538113499617613, 0.5357708628410438, 0.6690269795219709, 0.8030891052773952, 0.6407939938692345, 0.8040567344525189, 0.346491557154954, 0.6728926865082696, 0.6648357287720634, 0.6809626399329753, 0.7008255724266178, 0.49299747962100976, 0.6612122057563824, 0.5635374485829365, 0.0]]], ["dlib x Facenet512", ["Anthar1_Ideal_1.png", "Anthar2_Ideal_2.png", "Anthar3_Ideal_3.png", "Anthar4_Mid_1.png", "Anthar5_Mid_2.png", "Anthar7_right_1.png", "Anthar8_low_1.png", "Dani1_Ideal_1.png", "Dani2_Ideal_2.png", "Dani3_Ideal_3.png", "Dani4_Mid_1.png", "Dani5_Mid_2.png", "Dani6_left_1.png", "Dani7_right_1.png", "Dani8_low_1.png", "Gofur1_Ideal_1.png", "Gofur2_Ideal_2.png", "Gofur3_Ideal_3.png", "Gofur4_Mid_1.png", "Gofur5_Mid_2.png", "Gofur6_left_1.png", "Gofur7_right_1.png", "Gofur9_hi_1.png"], [[0.0, 0.3038652126574942, 0.4292156874897155, 0.31654624793591785, 0.5043351468496193, 0.5071426553435461, 0.4852724270979217, 0.42472011176240715, 0.45114380746361477, 0.37785257902163555, 0.3780316801620103, 0.3896310945981466, 0.4841318398765162, 0.3568809227910199, 0.8524405754250415, 0.5875643464246842, 0.5530222758046982, 0.5740388148045314, 0.6240200733854296, 0.5586441387090207, 0.7061112312185678, 0.5438439223937689, 0.5337313822034757], [0.3038652126574942, 0.0, 0.41718389103741704, 0.3833514112832108, 0.5007953331917813, 0.5458443416930444, 0.5272646590752672, 0.48957807374379536, 0.4817336076501898, 0.46065461644661954, 0.397669311997233, 0.4176126532648756, 0.4898160500118726, 0.4496078646463869, 0.9366709575598052, 0.5404314117656064, 0.5155917591744116, 0.537866814287677, 0.5814301948547587, 0.5700069589614335, 0.6452369344702436, 0.47441816133338854, 0.5368140007636095], [0.4292156874897155, 0.41718389103741704, 0.0, 0.31866333745483033, 0.37349681693712794, 0.6397811322762675, 0.44009176996688104, 0.5905358240477965, 0.5429310583524749, 0.5753687397102891, 0.4795326531568252, 0.42465466299054, 0.6244817910369196, 0.4845252010394796, 0.872888646415987, 0.541227237115435, 0.5488512054171842, 0.548191124971208, 0.558844801423988, 0.6261194851225538, 0.545279614782267, 0.4614917195669813, 0.5527086059879851], [0.31654624793591785, 0.3833514112832108, 0.31866333745483033, 0.0, 0.429355473698908, 0.6582184743471351, 0.4839784946571269, 0.47139242857609626, 0.49316394006863307, 0.4915327114901404, 0.4392262235310369, 0.3348827813969816, 0.5258079883152744, 0.3630649697591851, 0.9651784565674322, 0.5529910469479082, 0.5544556852761804, 0.5381041308800719, 0.581681761437256, 0.5734920416675228, 0.6676522239908417, 0.5083146030341704, 0.5569324836557964], [0.5043351468496193, 0.5007953331917813, 0.37349681693712794, 0.429355473698908, 0.0, 0.6308139855686496, 0.5217674839617262, 0.5523216179380651, 0.5730053699579043, 0.5569738623097146, 0.37798916857946124, 0.4496186850206092, 0.4477103169731109, 0.49550353436421696, 0.8531531181312872, 0.5028869084850381, 0.5351099368332205, 0.5017379978182829, 0.5464185525713432, 0.5978657026706854, 0.5307280351790362, 0.4417313704339247, 0.4675174208283007], [0.5071426553435461, 0.5458443416930444, 0.6397811322762675, 0.6582184743471351, 0.6308139855686496, 0.0, 0.5543746153332745, 0.5675647664217064, 0.5990953881711185, 0.5487819789501573, 0.5716832693504286, 0.5848371199673252, 0.5566862978672736, 0.6050945319633387, 0.7469723055299654, 0.655837761566552, 0.6435647957117843, 0.623755841824629, 0.662281005181946, 0.6540807362997283, 0.7056788840786706, 0.6567620949688886, 0.6119133283856858], [0.4852724270979217, 0.5272646590752672, 0.44009176996688104, 0.4839784946571269, 0.5217674839617262, 0.5543746153332745, 0.0, 0.621759246819886, 0.6025803672167014, 0.6167924749795718, 0.5488639979668835, 0.5416487142336833, 0.6379639771362347, 0.47024600118602267, 0.8509493070623563, 0.549083457108804, 0.567680841457676, 0.6079689943825934, 0.6267149671799472, 0.6648361701913135, 0.6015741158512943, 0.553427968790909, 0.5938373735860405], [0.42472011176240715, 0.48957807374379536, 0.5905358240477965, 0.47139242857609626, 0.5523216179380651, 0.5675647664217064, 0.621759246819886, 0.0, 0.18545417836940759, 0.18185514500007097, 0.26630175663279065, 0.3147709699731647, 0.3756399566207305, 0.29528828570735405, 0.9369667557904544, 0.411929250546982, 0.3902678923599455, 0.3883345681141063, 0.3931580800335343, 0.32452756808325367, 0.6400680216667699, 0.4280948074241767, 0.4017471882038057], [0.45114380746361477, 0.4817336076501898, 0.5429310583524749, 0.49316394006863307, 0.5730053699579043, 0.5990953881711185, 0.6025803672167014, 0.18545417836940759, 0.0, 0.20337823708848465, 0.32183860101265316, 0.3452558967771003, 0.4802641448340907, 0.3360243680666162, 0.9246232712875998, 0.4212962776021061, 0.4053950451692176, 0.40423124467559535, 0.38122965390550223, 0.3181894792927912, 0.6389930154309722, 0.4280448524204211, 0.40306828014159946], [0.37785257902163555, 0.46065461644661954, 0.5753687397102891, 0.4915327114901404, 0.5569738623097146, 0.5487819789501573, 0.6167924749795718, 0.18185514500007097, 0.20337823708848465, 0.0, 0.2636683409706203, 0.34150315735931247, 0.3904963577391481, 0.3052147806042356, 0.8478174079424288, 0.4199842344174854, 0.3881013193952914, 0.41884106198597904, 0.43790236452794645, 0.3377100316394613, 0.6207006050354419, 0.3876735025287588, 0.4055430495563203], [0.3780316801620103, 0.397669311997233, 0.4795326531568252, 0.4392262235310369, 0.37798916857946124, 0.5716832693504286, 0.5488639979668835, 0.26630175663279065, 0.32183860101265316, 0.2636683409706203, 0.0, 0.28747646585102765, 0.30854011888429345, 0.3110867070611739, 0.8586496587452233, 0.3702148170630319, 0.3652335984743573, 0.37965827804906754, 0.45192890345731185, 0.4018072135647346, 0.595613631254095, 0.35275142634658224, 0.38420620904251834], [0.3896310945981466, 0.4176126532648756, 0.42465466299054, 0.3348827813969816, 0.4496186850206092, 0.5848371199673252, 0.5416487142336833, 0.3147709699731647, 0.3452558967771003, 0.34150315735931247, 0.28747646585102765, 0.0, 0.41310969927132507, 0.3007589611765875, 0.8713332005643238, 0.43538720742441156, 0.4042599595220557, 0.41150500472186086, 0.42016748264377907, 0.415032860426729, 0.5871357163035605, 0.38788105614806184, 0.4663910369584959], [0.4841318398765162, 0.4898160500118726, 0.6244817910369196, 0.5258079883152744, 0.4477103169731109, 0.5566862978672736, 0.6379639771362347, 0.3756399566207305, 0.4802641448340907, 0.3904963577391481, 0.30854011888429345, 0.41310969927132507, 0.0, 0.3912988029089035, 0.8756808407291957, 0.38643218517918215, 0.370020278677923, 0.3916207383052581, 0.47865812043356515, 0.41660988643634506, 0.6233621463479345, 0.4084441700489028, 0.4185701564135056], [0.3568809227910199, 0.4496078646463869, 0.4845252010394796, 0.3630649697591851, 0.49550353436421696, 0.6050945319633387, 0.47024600118602267, 0.29528828570735405, 0.3360243680666162, 0.3052147806042356, 0.3110867070611739, 0.3007589611765875, 0.3912988029089035, 0.0, 0.921115291820951, 0.4302778831133439, 0.4019575639426223, 0.42927307238884316, 0.4777381116107752, 0.40017485639051426, 0.6523735795356987, 0.4270395221236103, 0.4119091236228964], [0.8524405754250415, 0.9366709575598052, 0.872888646415987, 0.9651784565674322, 0.8531531181312872, 0.7469723055299654, 0.8509493070623563, 0.9369667557904544, 0.9246232712875998, 0.8478174079424288, 0.8586496587452233, 0.8713332005643238, 0.8756808407291957, 0.921115291820951, 0.0, 0.8617331411348588, 0.8353104785622486, 0.8628179867102591, 0.9157102478396545, 0.8965071820606694, 0.8548811407818141, 0.8313553130018796, 0.8060393181351959], [0.5875643464246842, 0.5404314117656064, 0.541227237115435, 0.5529910469479082, 0.5028869084850381, 0.655837761566552, 0.549083457108804, 0.411929250546982, 0.4212962776021061, 0.4199842344174854, 0.3702148170630319, 0.43538720742441156, 0.38643218517918215, 0.4302778831133439, 0.8617331411348588, 0.0, 0.11076208186305042, 0.13024316174890913, 0.2338811038597124, 0.20905332262563414, 0.4289946804340333, 0.22603515562947113, 0.24384129037925492], [0.5530222758046982, 0.5155917591744116, 0.5488512054171842, 0.5544556852761804, 0.5351099368332205, 0.6435647957117843, 0.567680841457676, 0.3902678923599455, 0.4053950451692176, 0.3881013193952914, 0.3652335984743573, 0.4042599595220557, 0.370020278677923, 0.4019575639426223, 0.8353104785622486, 0.11076208186305042, 0.0, 0.15591607657941361, 0.23170910173011328, 0.178794521304113, 0.4094654802342872, 0.21010770509060356, 0.2371782747236099], [0.5740388148045314, 0.537866814287677, 0.548191124971208, 0.5381041308800719, 0.5017379978182829, 0.623755841824629, 0.6079689943825934, 0.3883345681141063, 0.40423124467559535, 0.41884106198597904, 0.37965827804906754, 0.41150500472186086, 0.3916207383052581, 0.42927307238884316, 0.8628179867102591, 0.13024316174890913, 0.15591607657941361, 0.0, 0.19715086876669016, 0.1879937607847593, 0.4806340312262062, 0.2609660570152673, 0.22028610566206802], [0.6240200733854296, 0.5814301948547587, 0.558844801423988, 0.581681761437256, 0.5464185525713432, 0.662281005181946, 0.6267149671799472, 0.3931580800335343, 0.38122965390550223, 0.43790236452794645, 0.45192890345731185, 0.42016748264377907, 0.47865812043356515, 0.4777381116107752, 0.9157102478396545, 0.2338811038597124, 0.23170910173011328, 0.19715086876669016, 0.0, 0.2265876620737851, 0.43563916296269745, 0.3002279209971788, 0.3022596944044176], [0.5586441387090207, 0.5700069589614335, 0.6261194851225538, 0.5734920416675228, 0.5978657026706854, 0.6540807362997283, 0.6648361701913135, 0.32452756808325367, 0.3181894792927912, 0.3377100316394613, 0.4018072135647346, 0.415032860426729, 0.41660988643634506, 0.40017485639051426, 0.8965071820606694, 0.20905332262563414, 0.178794521304113, 0.1879937607847593, 0.2265876620737851, 0.0, 0.4683143008031514, 0.29141691844897855, 0.24416250008396975], [0.7061112312185678, 0.6452369344702436, 0.545279614782267, 0.6676522239908417, 0.5307280351790362, 0.7056788840786706, 0.6015741158512943, 0.6400680216667699, 0.6389930154309722, 0.6207006050354419, 0.595613631254095, 0.5871357163035605, 0.6233621463479345, 0.6523735795356987, 0.8548811407818141, 0.4289946804340333, 0.4094654802342872, 0.4806340312262062, 0.43563916296269745, 0.4683143008031514, 0.0, 0.34870354106623186, 0.4594378852124065], [0.5438439223937689, 0.47441816133338854, 0.4614917195669813, 0.5083146030341704, 0.4417313704339247, 0.6567620949688886, 0.553427968790909, 0.4280948074241767, 0.4280448524204211, 0.3876735025287588, 0.35275142634658224, 0.38788105614806184, 0.4084441700489028, 0.4270395221236103, 0.8313553130018796, 0.22603515562947113, 0.21010770509060356, 0.2609660570152673, 0.3002279209971788, 0.29141691844897855, 0.34870354106623186, 0.0, 0.25804078911581063], [0.5337313822034757, 0.5368140007636095, 0.5527086059879851, 0.5569324836557964, 0.4675174208283007, 0.6119133283856858, 0.5938373735860405, 0.4017471882038057, 0.40306828014159946, 0.4055430495563203, 0.38420620904251834, 0.4663910369584959, 0.4185701564135056, 0.4119091236228964, 0.8060393181351959, 0.24384129037925492, 0.2371782747236099, 0.22028610566206802, 0.3022596944044176, 0.24416250008396975, 0.4594378852124065, 0.25804078911581063, 0.0]]], ["dlib x ArcFace", ["Anthar1_Ideal_1.png", "Anthar2_Ideal_2.png", "Anthar3_Ideal_3.png", "Anthar4_Mid_1.png", "Anthar5_Mid_2.png", "Anthar7_right_1.png", "Anthar8_low_1.png", "Dani1_Ideal_1.png", "Dani2_Ideal_2.png", "Dani3_Ideal_3.png", "Dani4_Mid_1.png", "Dani5_Mid_2.png", "Dani6_left_1.png", "Dani7_right_1.png", "Dani8_low_1.png", "Gofur1_Ideal_1.png", "Gofur2_Ideal_2.png", "Gofur3_Ideal_3.png", "Gofur4_Mid_1.png", "Gofur5_Mid_2.png", "Gofur6_left_1.png", "Gofur7_right_1.png", "Gofur9_hi_1.png"], [[0.0, 0.4753008462537047, 0.5835231690868667, 0.42238317371509326, 0.7449455530541395, 0.7129981127654946, 0.696033650188172, 0.7408417455774402, 0.7131494679821493, 0.6657210368001305, 0.756082823116383, 0.7414460777359351, 0.7738794288056898, 0.7590784460078076, 0.9245559798445934, 0.7782774531247234, 0.7946312643585437, 0.7546417697633521, 0.778004915965798, 0.786758472979801, 0.8241671183522924, 0.9066045845702706, 0.7265747831724563], [0.4753008462537047, 0.0, 0.3908215525825135, 0.531339594824513, 0.4079537257055303, 0.5289099972474499, 0.5192743170608038, 0.785388685763212, 0.6659398942914336, 0.6158779036152382, 0.7780581505905942, 0.802745403425268, 0.8285727676966939, 0.7766772793079388, 0.70110025708763, 0.8078851901835209, 0.7914388780668424, 0.8236887735860638, 0.8365667526484863, 0.8669227656230517, 0.7281611560582391, 0.6845821926772788, 0.6931905364371497], [0.5835231690868667, 0.3908215525825135, 0.0, 0.6295175826873836, 0.3360247117972642, 0.5015710038146793, 0.4594328171643466, 0.8324983571360035, 0.7540674803803915, 0.747351974368634, 0.8400536177301066, 0.8087308377791548, 0.8576536508505097, 0.7478752841463046, 0.6971588997778906, 0.8557295658065258, 0.8716056633204475, 0.8829058710049794, 0.8629072448595528, 0.9022761093871718, 0.720279485780401, 0.6220786568849069, 0.7581433977968939], [0.42238317371509326, 0.531339594824513, 0.6295175826873836, 0.0, 0.7306112682982098, 0.6715231871514242, 0.68948065777257, 0.8032096870911246, 0.7508792503322943, 0.6736478868272018, 0.790774613566025, 0.7361612114449703, 0.7557821971364962, 0.7615821921124216, 0.8934625267318167, 0.7948820330179491, 0.7531709700136475, 0.7869595937693984, 0.7678006245698215, 0.7607649106452345, 0.8011662611173072, 0.7960648620800794, 0.748140360290942], [0.7449455530541395, 0.4079537257055303, 0.3360247117972642, 0.7306112682982098, 0.0, 0.5401152641176237, 0.5173642807460899, 0.8794699933613063, 0.8097772190595215, 0.792369932113203, 0.8706725435850855, 0.847886518572955, 0.9002976441534164, 0.828733937375704, 0.5389083749699858, 0.8671142545454369, 0.8825926028081217, 0.8862168334774214, 0.8741649597090501, 0.9298430558698569, 0.6955859113298767, 0.6407812063952536, 0.7624258784229024], [0.7129981127654946, 0.5289099972474499, 0.5015710038146793, 0.6715231871514242, 0.5401152641176237, 0.0, 0.562202304756888, 0.9031268043361927, 0.7907851135832595, 0.7323351407888631, 0.8406571585544239, 0.9061374066662652, 0.7463679599291, 0.6510865982869932, 0.7504885210597028, 0.8020428075671974, 0.7820729759411977, 0.8839369888519241, 0.8152571721128672, 0.8023501531938328, 0.6624750220093862, 0.5669798544929202, 0.6862829328014594], [0.696033650188172, 0.5192743170608038, 0.4594328171643466, 0.68948065777257, 0.5173642807460899, 0.562202304756888, 0.0, 0.8612346540214724, 0.7517944796448018, 0.7319968768919658, 0.8238738719889291, 0.9436997235575755, 0.8793110438156014, 0.77736100215103, 0.7942221245941583, 0.8024820911671391, 0.8015475856618487, 0.8685869463990508, 0.8933255360655725, 0.9125314050058194, 0.6911268736813289, 0.7062162145283546, 0.7182974513074111], [0.7408417455774402, 0.785388685763212, 0.8324983571360035, 0.8032096870911246, 0.8794699933613063, 0.9031268043361927, 0.8612346540214724, 0.0, 0.46661769490073307, 0.43004274711463747, 0.35532460843841257, 0.404409079264506, 0.5040731572185115, 0.6805893418221444, 0.9732391891578349, 0.5650306156886054, 0.5344052597203994, 0.546851464326576, 0.5293609754428044, 0.5584898315854012, 0.6910219061373847, 0.7759433038277902, 0.5624933814918629], [0.7131494679821493, 0.6659398942914336, 0.7540674803803915, 0.7508792503322943, 0.8097772190595215, 0.7907851135832595, 0.7517944796448018, 0.46661769490073307, 0.0, 0.309882019774535, 0.46297086058182485, 0.530825157695898, 0.6630620984384173, 0.6499042056243999, 0.9266228207525645, 0.7462147737659741, 0.6589075118466217, 0.7551621751698318, 0.738283349093835, 0.7115687400491311, 0.6905062537061114, 0.7586113351430778, 0.629349080856626], [0.6657210368001305, 0.6158779036152382, 0.747351974368634, 0.6736478868272018, 0.792369932113203, 0.7323351407888631, 0.7319968768919658, 0.43004274711463747, 0.309882019774535, 0.0, 0.4666775385046454, 0.5584825558605485, 0.59529889902627, 0.6197160505926789, 0.9101570091337378, 0.7214028311833234, 0.6316636845735648, 0.7184063479779721, 0.6852735398349236, 0.6911244848876837, 0.6551526576201824, 0.7297368740000735, 0.6493259351634192], [0.756082823116383, 0.7780581505905942, 0.8400536177301066, 0.790774613566025, 0.8706725435850855, 0.8406571585544239, 0.8238738719889291, 0.35532460843841257, 0.46297086058182485, 0.4666775385046454, 0.0, 0.46798289678172095, 0.5026789997046212, 0.6546376794071578, 0.947653418156447, 0.5783503657270945, 0.5551077365521658, 0.5508452273411681, 0.5995562719785784, 0.5608057354510487, 0.7596704421830339, 0.7310386691872454, 0.5206004132276313], [0.7414460777359351, 0.802745403425268, 0.8087308377791548, 0.7361612114449703, 0.847886518572955, 0.9061374066662652, 0.9436997235575755, 0.404409079264506, 0.530825157695898, 0.5584825558605485, 0.46798289678172095, 0.0, 0.5589936168199631, 0.6625196282892535, 0.9540113579031112, 0.6287372541706885, 0.6038004851478898, 0.6153401914726331, 0.6541290144746109, 0.6112775501807797, 0.7442722023275131, 0.7294466334116202, 0.596887267453559], [0.7738794288056898, 0.8285727676966939, 0.8576536508505097, 0.7557821971364962, 0.9002976441534164, 0.7463679599291, 0.8793110438156014, 0.5040731572185115, 0.6630620984384173, 0.59529889902627, 0.5026789997046212, 0.5589936168199631, 0.0, 0.5357247313016446, 0.9571384964861938, 0.5809776504395258, 0.5318749130356287, 0.5363710442416181, 0.5758059674869231, 0.5208071619370891, 0.7348879892264054, 0.7137514590728338, 0.5839461134373733], [0.7590784460078076, 0.7766772793079388, 0.7478752841463046, 0.7615821921124216, 0.828733937375704, 0.6510865982869932, 0.77736100215103, 0.6805893418221444, 0.6499042056243999, 0.6197160505926789, 0.6546376794071578, 0.6625196282892535, 0.5357247313016446, 0.0, 0.9066629464079276, 0.7287784781646875, 0.6931170520577926, 0.7302007069460223, 0.6995225535187631, 0.6464177910743595, 0.7841250325733312, 0.5360490356273101, 0.6211156229136475], [0.9245559798445934, 0.70110025708763, 0.6971588997778906, 0.8934625267318167, 0.5389083749699858, 0.7504885210597028, 0.7942221245941583, 0.9732391891578349, 0.9266228207525645, 0.9101570091337378, 0.947653418156447, 0.9540113579031112, 0.9571384964861938, 0.9066629464079276, 0.0, 0.9581677827354123, 0.973096557285772, 0.9728705002868319, 0.9693191756443431, 0.9884120629354914, 0.8802199237313308, 0.8121607768326297, 0.900638625476721], [0.7782774531247234, 0.8078851901835209, 0.8557295658065258, 0.7948820330179491, 0.8671142545454369, 0.8020428075671974, 0.8024820911671391, 0.5650306156886054, 0.7462147737659741, 0.7214028311833234, 0.5783503657270945, 0.6287372541706885, 0.5809776504395258, 0.7287784781646875, 0.9581677827354123, 0.0, 0.22753828142906218, 0.20734605619726018, 0.31877165587259104, 0.3094196668186014, 0.5990648046710308, 0.5961480765272031, 0.41