{"Euclidean": [["dlib x VGG-Face", ["Anthar1_Ideal_1.png", "Anthar2_Ideal_2.png", "Anthar3_Ideal_3.png", "Anthar4_Mid_1.png", "Anthar5_Mid_2.png", "Anthar7_right_1.png", "Anthar8_low_1.png", "Dani1_Ideal_1.png", "Dani2_Ideal_2.png", "Dani3_Ideal_3.png", "Dani4_Mid_1.png", "Dani5_Mid_2.png", "Dani6_left_1.png", "Dani7_right_1.png", "Dani8_low_1.png", "Gofur1_Ideal_1.png", "Gofur2_Ideal_2.png", "Gofur3_Ideal_3.png", "Gofur4_Mid_1.png", "Gofur5_Mid_2.png", "Gofur6_left_1.png", "Gofur7_right_1.png", "Gofur9_hi_1.png"], [[0.0, 0.734246405119696, 0.9762715308735623, 0.8690197224851937, 1.009868098298609, 0.9766120988765732, 1.1591183967807512, 1.1474126827137652, 1.0522516314145232, 0.9667834543259801, 1.12073758394812, 1.1444006242772944, 1.1562337622448602, 0.9723662131603081, 1.1779169850835118, 1.099682541562618, 1.0031784046808927, 1.1152816394455085, 1.101861059468077, 1.0751465205486828, 1.1149398191212543, 1.1094680777256678, 0.9590500592179347], [0.734246405119696, 0.0, 0.9082219380636483, 0.8747318101036736, 0.9882135019169118, 0.9759168120152079, 1.1453411862506793, 1.1841434476557322, 1.0825747589571333, 1.0057600780959184, 1.1829528129892566, 1.1633627759039953, 1.1799450988040312, 1.0840341245770433, 1.1234912773562935, 1.101874294143868, 1.027079309828885, 1.1380287363234942, 1.1191006305449978, 1.1179712110658155, 1.0595965550122843, 1.1387236184642129, 1.0569542195241008], [0.9762715308735623, 0.9082219380636483, 0.0, 0.7759758388235258, 0.7907542989842342, 1.007193542926004, 0.9297992043657313, 1.2834023582085685, 1.2172728730793703, 1.1312559286008776, 1.2559872881724183, 1.1802673237471948, 1.1924875758231577, 1.1643104828459676, 1.0667302270101162, 1.18379222980104, 1.1295164681155014, 1.191414707637662, 1.1143124831341928, 1.1252388680381633, 1.0165709860913525, 1.111569885299257, 1.213227508499307], [0.8690197224851937, 0.8747318101036736, 0.7759758388235258, 0.0, 0.9616194615863739, 1.0314813873969553, 0.987151490373669, 1.2020224331711116, 1.1118586779563653, 1.0514050825975025, 1.170791281581117, 1.1489347624266701, 1.188277787891148, 1.1473053085615963, 1.1638200752506787, 1.1511508598720586, 1.102023764421288, 1.1716330284765137, 1.1036745307609712, 1.0968951816671246, 1.0882745023156175, 1.1127312171126886, 1.14165344654209], [1.009868098298609, 0.9882135019169118, 0.7907542989842342, 0.9616194615863739, 0.0, 1.0418733526682808, 1.0419089521677747, 1.2675448479336604, 1.2309537126653436, 1.1495311462445992, 1.1771922012012543, 1.1878532869898037, 1.1684827737275234, 1.0787828321443143, 1.144880187697702, 1.0941382691914314, 1.0735722692841065, 1.0898310101369493, 1.0990617787451749, 1.1076182991047294, 1.0349963016536647, 1.131774680743916, 1.19515709533054], [0.9766120988765732, 0.9759168120152079, 1.007193542926004, 1.0314813873969553, 1.0418733526682808, 0.0, 1.1345195742632324, 1.1737205784628073, 1.0372891637259578, 1.0418944691967371, 1.213934028107486, 1.212676772942494, 1.102823010585348, 1.030450386461503, 1.0727665539753855, 1.151363101795749, 1.1072748257735507, 1.189638962254277, 1.1463877196604286, 1.163439223982, 1.0896629852866389, 1.0896654352588133, 1.1450377715590978], [1.1591183967807512, 1.1453411862506793, 0.9297992043657313, 0.987151490373669, 1.0419089521677747, 1.1345195742632324, 0.0, 1.3089590386150707, 1.239392461907462, 1.2271753361626907, 1.289046850425261, 1.2756223235552424, 1.2961770161920423, 1.2590762311352923, 1.0574669566437669, 1.2395732982860104, 1.2174706049797122, 1.2712444663475735, 1.224249176736143, 1.229458340715518, 1.14513643344552, 1.1591103573638197, 1.2538956036347044], [1.1474126827137652, 1.1841434476557322, 1.2834023582085685, 1.2020224331711116, 1.2675448479336604, 1.1737205784628073, 1.3089590386150707, 0.0, 0.7126437680529867, 0.6814633431848998, 0.9013525469221829, 0.897049321517008, 1.0389928356613343, 1.086828333022623, 1.3011782340668427, 0.9818966358919817, 1.0099451120889638, 1.0209323949579792, 1.0569871203658807, 1.0164293205505928, 1.2071322762584378, 1.185161957892389, 1.0827267075385152], [1.0522516314145232, 1.0825747589571333, 1.2172728730793703, 1.1118586779563653, 1.2309537126653436, 1.0372891637259578, 1.239392461907462, 0.7126437680529867, 0.0, 0.5845443066356935, 1.0084801430751682, 1.0603726611683404, 1.0437606958486592, 1.06065746383649, 1.2134696620317358, 1.053274916047088, 1.0512311030722952, 1.0985950247974778, 1.0841677092846183, 1.0702769787360096, 1.1970808683725878, 1.2029959187147234, 1.109540722830205], [0.9667834543259801, 1.0057600780959184, 1.1312559286008776, 1.0514050825975025, 1.1495311462445992, 1.0418944691967371, 1.2271753361626907, 0.6814633431848998, 0.5845443066356935, 0.0, 0.9281326551210006, 0.9603062782128889, 0.9596128886195311, 0.9536225228552306, 1.2128905404751256, 0.9790267072607912, 0.909437185855977, 1.0121462336812506, 0.9956107152794518, 0.9934397709027026, 1.0617135986818185, 1.0918984933460996, 1.0592103493999911], [1.12073758394812, 1.1829528129892566, 1.2559872881724183, 1.170791281581117, 1.1771922012012543, 1.213934028107486, 1.289046850425261, 0.9013525469221829, 1.0084801430751682, 0.9281326551210006, 0.0, 1.0008137558781596, 1.0160728021709584, 0.9705786983489803, 1.3037297685824663, 0.9983310911934862, 0.9960967840078118, 1.0050908179897986, 1.1116744068251934, 1.0574146809162825, 1.1160768572804878, 1.0879548201102869, 1.0994158020085572], [1.1444006242772944, 1.1633627759039953, 1.1802673237471948, 1.1489347624266701, 1.1878532869898037, 1.212676772942494, 1.2756223235552424, 0.897049321517008, 1.0603726611683404, 0.9603062782128889, 1.0008137558781596, 0.0, 1.1670636370829974, 1.1434481350200556, 1.2884866430716488, 1.0921803871599427, 1.077819325965649, 1.076719980073034, 1.1127113165755766, 1.0570243891809477, 1.0884062298857098, 1.0960166171944563, 1.1414996246222289], [1.1562337622448602, 1.1799450988040312, 1.1924875758231577, 1.188277787891148, 1.1684827737275234, 1.102823010585348, 1.2961770161920423, 1.0389928356613343, 1.0437606958486592, 0.9596128886195311, 1.0160728021709584, 1.1670636370829974, 0.0, 0.9237470753224079, 1.2461935509941668, 1.0377884443712218, 0.9948600598610056, 1.0070000499094112, 1.0882813749507108, 1.0464476430272904, 1.0936556641439197, 1.0406172334685133, 1.1645086287526214], [0.9723662131603081, 1.0840341245770433, 1.1643104828459676, 1.1473053085615963, 1.0787828321443143, 1.030450386461503, 1.2590762311352923, 1.086828333022623, 1.06065746383649, 0.9536225228552306, 0.9705786983489803, 1.1434481350200556, 0.9237470753224079, 0.0, 1.2321111649060712, 0.9446642745450586, 0.8117171719929781, 0.9440341747246912, 0.9391158807470512, 0.9338563986318942, 1.1120521909171708, 0.9551575241432945, 0.9876993146313107], [1.1779169850835118, 1.1234912773562935, 1.0667302270101162, 1.1638200752506787, 1.144880187697702, 1.0727665539753855, 1.0574669566437669, 1.3011782340668427, 1.2134696620317358, 1.2128905404751256, 1.3037297685824663, 1.2884866430716488, 1.2461935509941668, 1.2321111649060712, 0.0, 1.2366868905298134, 1.2283852598949823, 1.2675630875155015, 1.253852893186923, 1.2171906427070707, 1.1492139002667967, 1.1932539000428228, 1.246526349583], [1.099682541562618, 1.101874294143868, 1.18379222980104, 1.1511508598720586, 1.0941382691914314, 1.151363101795749, 1.2395732982860104, 0.9818966358919817, 1.053274916047088, 0.9790267072607912, 0.9983310911934862, 1.0921803871599427, 1.0377884443712218, 0.9446642745450586, 1.2366868905298134, 0.0, 0.5876967961946298, 0.5002534771741528, 0.6998202754382568, 0.6466656177691913, 1.0235814051231342, 0.9161226472064362, 0.8697824952885891], [1.0031784046808927, 1.027079309828885, 1.1295164681155014, 1.102023764421288, 1.0735722692841065, 1.1072748257735507, 1.2174706049797122, 1.0099451120889638, 1.0512311030722952, 0.909437185855977, 0.9960967840078118, 1.077819325965649, 0.9948600598610056, 0.8117171719929781, 1.2283852598949823, 0.5876967961946298, 0.0, 0.612542662643838, 0.7026779133738832, 0.684041581464165, 0.9912828935584108, 0.8401905352964885, 0.8145071773481583], [1.1152816394455085, 1.1380287363234942, 1.191414707637662, 1.1716330284765137, 1.0898310101369493, 1.189638962254277, 1.2712444663475735, 1.0209323949579792, 1.0985950247974778, 1.0121462336812506, 1.0050908179897986, 1.076719980073034, 1.0070000499094112, 0.9440341747246912, 1.2675630875155015, 0.5002534771741528, 0.612542662643838, 0.0, 0.5937940582269021, 0.5245638076223765, 1.0415447948782361, 0.872932409804879, 0.9263778159756724], [1.101861059468077, 1.1191006305449978, 1.1143124831341928, 1.1036745307609712, 1.0990617787451749, 1.1463877196604286, 1.224249176736143, 1.0569871203658807, 1.0841677092846183, 0.9956107152794518, 1.1116744068251934, 1.1127113165755766, 1.0882813749507108, 0.9391158807470512, 1.253852893186923, 0.6998202754382568, 0.7026779133738832, 0.5937940582269021, 0.0, 0.5750470948252208, 1.0250338471026703, 0.9075239842912048, 0.9467227194135303], [1.0751465205486828, 1.1179712110658155, 1.1252388680381633, 1.0968951816671246, 1.1076182991047294, 1.163439223982, 1.229458340715518, 1.0164293205505928, 1.0702769787360096, 0.9934397709027026, 1.0574146809162825, 1.0570243891809477, 1.0464476430272904, 0.9338563986318942, 1.2171906427070707, 0.6466656177691913, 0.684041581464165, 0.5245638076223765, 0.5750470948252208, 0.0, 1.0630824190346921, 0.8780211921356565, 0.8853476118520628], [1.1149398191212543, 1.0595965550122843, 1.0165709860913525, 1.0882745023156175, 1.0349963016536647, 1.0896629852866389, 1.14513643344552, 1.2071322762584378, 1.1970808683725878, 1.0617135986818185, 1.1160768572804878, 1.0884062298857098, 1.0936556641439197, 1.1120521909171708, 1.1492139002667967, 1.0235814051231342, 0.9912828935584108, 1.0415447948782361, 1.0250338471026703, 1.0630824190346921, 0.0, 0.8762475081025762, 1.1298836279137825], [1.1094680777256678, 1.1387236184642129, 1.111569885299257, 1.1127312171126886, 1.131774680743916, 1.0896654352588133, 1.1591103573638197, 1.185161957892389, 1.2029959187147234, 1.0918984933460996, 1.0879548201102869, 1.0960166171944563, 1.0406172334685133, 0.9551575241432945, 1.1932539000428228, 0.9161226472064362, 0.8401905352964885, 0.872932409804879, 0.9075239842912048, 0.8780211921356565, 0.8762475081025762, 0.0, 1.022194008523899], [0.9590500592179347, 1.0569542195241008, 1.213227508499307, 1.14165344654209, 1.19515709533054, 1.1450377715590978, 1.2538956036347044, 1.0827267075385152, 1.109540722830205, 1.0592103493999911, 1.0994158020085572, 1.1414996246222289, 1.1645086287526214, 0.9876993146313107, 1.246526349583, 0.8697824952885891, 0.8145071773481583, 0.9263778159756724, 0.9467227194135303, 0.8853476118520628, 1.1298836279137825, 1.022194008523899, 0.0]]], ["dlib x Facenet", ["Anthar1_Ideal_1.png", "Anthar2_Ideal_2.png", "Anthar3_Ideal_3.png", "Anthar4_Mid_1.png", "Anthar5_Mid_2.png", "Anthar7_right_1.png", "Anthar8_low_1.png", "Dani1_Ideal_1.png", "Dani2_Ideal_2.png", "Dani3_Ideal_3.png", "Dani4_Mid_1.png", "Dani5_Mid_2.png", "Dani6_left_1.png", "Dani7_right_1.png", "Dani8_low_1.png", "Gofur1_Ideal_1.png", "Gofur2_Ideal_2.png", "Gofur3_Ideal_3.png", "Gofur4_Mid_1.png", "Gofur5_Mid_2.png", "Gofur6_left_1.png", "Gofur7_right_1.png", "Gofur9_hi_1.png"], [[0.0, 2.332658426422877, 3.9132940975964186, 6.728663861457582, 5.1225338406855645, 7.220146960783693, 7.744918121633956, 10.082494954933441, 4.345625603275312, 5.362752192061007, 7.170401661138077, 9.968520744366748, 7.422683804719511, 10.467504099595155, 3.582839180003432, 6.463761949674108, 6.844656783059643, 6.960174107255334, 6.545200405005038, 4.109345858885068, 6.414522758313949, 5.720653088448416, 2.607972648338762], [2.332658426422877, 0.0, 4.320385575487063, 7.451272496827532, 5.547713238302975, 7.133551833684212, 7.895306502416133, 10.630355464510412, 3.4024264920817253, 5.852649595163269, 7.774684509657246, 10.13160982654691, 8.098237983875778, 10.870303264667548, 3.043248479518959, 6.870681984631145, 7.304720589993901, 7.192580630227008, 6.928853955615954, 5.081250976952581, 6.65228345257907, 6.044963284547806, 1.7672450407854803], [3.9132940975964186, 4.320385575487063, 0.0, 8.211084738087523, 3.658851419338362, 8.52999452671576, 7.365549466992391, 10.596818759257799, 5.783519443568167, 6.3294482328256025, 7.954543028171362, 10.947303236486212, 8.497740005075245, 11.585431164410807, 5.047915472329756, 7.225920849014135, 7.6814469268187935, 7.897839382309922, 7.092785978299275, 5.984976657583331, 7.3118622050425435, 7.132916381675882, 4.667321852003978], [6.728663861457582, 7.451272496827532, 8.211084738087523, 0.0, 8.326960287076954, 7.1186652870265155, 10.15531141121173, 10.40001028378215, 7.754446579524618, 6.489500555719219, 8.905889372043907, 10.34551387759465, 8.270895649625926, 10.366464648337066, 8.187546123239962, 7.827554937610597, 7.730251422444989, 7.941657785046233, 7.652701935212145, 5.843184088393809, 8.850554339460574, 7.450230664247951, 7.518681754783385], [5.1225338406855645, 5.547713238302975, 3.658851419338362, 8.326960287076954, 0.0, 9.168656642370465, 7.875289046211342, 10.259015004333136, 6.45166740617698, 5.828301830066829, 7.017525458676326, 10.650998143733899, 8.175196412051108, 11.874583757646505, 6.577531058652008, 6.146277786846288, 6.596568626716264, 6.8934545386774575, 6.288709543419935, 6.150783870839931, 7.246722251616848, 6.516717793570219, 5.598299507034903], [7.220146960783693, 7.133551833684212, 8.52999452671576, 7.1186652870265155, 9.168656642370465, 0.0, 9.56920354296424, 10.837998842927531, 6.589831878124929, 7.906183947794549, 10.092848666367582, 10.342272137031268, 9.001313224743216, 9.115652323425964, 7.293314768742468, 8.866180509582863, 9.672276213989473, 9.876855620811305, 8.256173058742881, 7.419344016116468, 9.317950038584156, 8.886305837707994, 6.781119019432086], [7.744918121633956, 7.895306502416133, 7.365549466992391, 10.15531141121173, 7.875289046211342, 9.56920354296424, 0.0, 12.639911625117028, 8.059666393773488, 9.041664972614372, 10.491392851283829, 12.944347623316844, 11.13896096396311, 13.896609156910262, 7.4780169704026145, 9.995691016157762, 10.528939773558417, 10.76930578833349, 9.312011892746716, 9.261306544512903, 9.777633704145074, 9.434113296082158, 7.518970489560776], [10.082494954933441, 10.630355464510412, 10.596818759257799, 10.40001028378215, 10.259015004333136, 10.837998842927531, 12.639911625117028, 0.0, 10.605231470719666, 8.531807626449945, 6.655291086124052, 9.247326094399927, 8.138520909715979, 8.45311058647496, 10.89332670415961, 10.238328543565876, 9.420115804862588, 11.105096104279978, 10.113962273609587, 10.011911062164105, 10.047756043055005, 10.795866890508462, 10.239223289736016], [4.345625603275312, 3.4024264920817253, 5.783519443568167, 7.754446579524618, 6.45166740617698, 6.589831878124929, 8.059666393773488, 10.605231470719666, 0.0, 5.702113015572485, 7.988054555427252, 10.758496096364148, 8.381879977306731, 10.804833075605774, 4.415377243596644, 7.704517713484834, 8.17052480570799, 8.11280565708765, 7.943208611955821, 6.313034540807329, 7.318428342468968, 7.078838263978287, 3.098565802465252], [5.362752192061007, 5.852649595163269, 6.3294482328256025, 6.489500555719219, 5.828301830066829, 7.906183947794549, 9.041664972614372, 8.531807626449945, 5.702113015572485, 0.0, 5.110162171544561, 9.83873782343858, 6.147781690697571, 10.063834127505904, 6.570456053431313, 5.708527998213017, 5.143109268388231, 6.194485644355591, 6.488137623918473, 5.044135353817968, 5.94581798733364, 6.1947429786425845, 5.536203407621424], [7.170401661138077, 7.774684509657246, 7.954543028171362, 8.905889372043907, 7.017525458676326, 10.092848666367582, 10.491392851283829, 6.655291086124052, 7.988054555427252, 5.110162171544561, 0.0, 10.21476037689135, 6.172344977747343, 9.890038094527247, 8.311133737194911, 6.913806820340201, 6.41211423325672, 7.790785545360526, 7.516010684667665, 6.885689965338815, 7.541123557549282, 7.806658830065808, 7.319264962175493], [9.968520744366748, 10.13160982654691, 10.947303236486212, 10.34551387759465, 10.650998143733899, 10.342272137031268, 12.944347623316844, 9.247326094399927, 10.758496096364148, 9.83873782343858, 10.21476037689135, 0.0, 10.768891817827342, 10.443520900427114, 10.60272276200681, 10.427778381552237, 9.656279414035048, 10.510422244133451, 10.896582039338114, 10.699484735618881, 10.479050892587424, 9.114535774886315, 10.173025899635718], [7.422683804719511, 8.098237983875778, 8.497740005075245, 8.270895649625926, 8.175196412051108, 9.001313224743216, 11.13896096396311, 8.138520909715979, 8.381879977306731, 6.147781690697571, 6.172344977747343, 10.768891817827342, 0.0, 8.816866321759212, 8.706799947684472, 7.017829423572836, 6.280500160930298, 7.5853864955461825, 7.550353277476993, 6.281471619278963, 6.106871349357377, 7.368063109098598, 7.608479172545829], [10.467504099595155, 10.870303264667548, 11.585431164410807, 10.366464648337066, 11.874583757646505, 9.115652323425964, 13.896609156910262, 8.45311058647496, 10.804833075605774, 10.063834127505904, 9.890038094527247, 10.443520900427114, 8.816866321759212, 0.0, 11.389603215981676, 11.3788988799364, 11.057702556525145, 12.088851188155665, 10.743571058142884, 9.686386199423499, 10.921551682259535, 11.259354733029241, 10.540679327463184], [3.582839180003432, 3.043248479518959, 5.047915472329756, 8.187546123239962, 6.577531058652008, 7.293314768742468, 7.4780169704026145, 10.89332670415961, 4.415377243596644, 6.570456053431313, 8.311133737194911, 10.60272276200681, 8.706799947684472, 11.389603215981676, 0.0, 8.16002370469619, 8.5147549317838, 8.650726790042354, 8.107099300526633, 6.442614113991873, 7.126885805671742, 7.400497401250931, 2.8757425252218907], [6.463761949674108, 6.870681984631145, 7.225920849014135, 7.827554937610597, 6.146277786846288, 8.866180509582863, 9.995691016157762, 10.238328543565876, 7.704517713484834, 5.708527998213017, 6.913806820340201, 10.427778381552237, 7.017829423572836, 11.3788988799364, 8.16002370469619, 0.0, 3.2017441582551402, 2.854831668497875, 4.010131156916155, 4.990330891981225, 6.532399708759135, 5.055253977897712, 6.9675756080459], [6.844656783059643, 7.304720589993901, 7.6814469268187935, 7.730251422444989, 6.596568626716264, 9.672276213989473, 10.528939773558417, 9.420115804862588, 8.17052480570799, 5.143109268388231, 6.41211423325672, 9.656279414035048, 6.280500160930298, 11.057702556525145, 8.5147549317838, 3.2017441582551402, 0.0, 3.3618298257727206, 5.222993100422642, 5.358153787398353, 6.045971657170019, 4.7349258945585015, 7.358156781746949], [6.960174107255334, 7.192580630227008, 7.897839382309922, 7.941657785046233, 6.8934545386774575, 9.876855620811305, 10.76930578833349, 11.105096104279978, 8.11280565708765, 6.194485644355591, 7.790785545360526, 10.510422244133451, 7.5853864955461825, 12.088851188155665, 8.650726790042354, 2.854831668497875, 3.3618298257727206, 0.0, 5.04213022323222, 5.6527236504607945, 6.8767851767824455, 5.081528084417067, 7.4907284128606], [6.545200405005038, 6.928853955615954, 7.092785978299275, 7.652701935212145, 6.288709543419935, 8.256173058742881, 9.312011892746716, 10.113962273609587, 7.943208611955821, 6.488137623918473, 7.516010684667665, 10.896582039338114, 7.550353277476993, 10.743571058142884, 8.107099300526633, 4.010131156916155, 5.222993100422642, 5.04213022323222, 0.0, 4.8435881387285695, 7.016021539045158, 6.593177780193304, 7.1052804445108375], [4.109345858885068, 5.081250976952581, 5.984976657583331, 5.843184088393809, 6.150783870839931, 7.419344016116468, 9.261306544512903, 10.011911062164105, 6.313034540807329, 5.044135353817968, 6.885689965338815, 10.699484735618881, 6.281471619278963, 9.686386199423499, 6.442614113991873, 4.990330891981225, 5.358153787398353, 5.6527236504607945, 4.8435881387285695, 0.0, 6.446828093171603, 5.769326986606377, 5.050136909253155], [6.414522758313949, 6.65228345257907, 7.3118622050425435, 8.850554339460574, 7.246722251616848, 9.317950038584156, 9.777633704145074, 10.047756043055005, 7.318428342468968, 5.94581798733364, 7.541123557549282, 10.479050892587424, 6.106871349357377, 10.921551682259535, 7.126885805671742, 6.532399708759135, 6.045971657170019, 6.8767851767824455, 7.016021539045158, 6.446828093171603, 0.0, 6.215294241261371, 6.537726754377189], [5.720653088448416, 6.044963284547806, 7.132916381675882, 7.450230664247951, 6.516717793570219, 8.886305837707994, 9.434113296082158, 10.795866890508462, 7.078838263978287, 6.1947429786425845, 7.806658830065808, 9.114535774886315, 7.368063109098598, 11.259354733029241, 7.400497401250931, 5.055253977897712, 4.7349258945585015, 5.081528084417067, 6.593177780193304, 5.769326986606377, 6.215294241261371, 0.0, 6.038686978372339], [2.607972648338762, 1.7672450407854803, 4.667321852003978, 7.518681754783385, 5.598299507034903, 6.781119019432086, 7.518970489560776, 10.239223289736016, 3.098565802465252, 5.536203407621424, 7.319264962175493, 10.173025899635718, 7.608479172545829, 10.540679327463184, 2.8757425252218907, 6.9675756080459, 7.358156781746949, 7.4907284128606, 7.1052804445108375, 5.050136909253155, 6.537726754377189, 6.038686978372339, 0.0]]], ["dlib x Facenet512", ["Anthar1_Ideal_1.png", "Anthar2_Ideal_2.png", "Anthar3_Ideal_3.png", "Anthar4_Mid_1.png", "Anthar5_Mid_2.png", "Anthar7_right_1.png", "Anthar8_low_1.png", "Dani1_Ideal_1.png", "Dani2_Ideal_2.png", "Dani3_Ideal_3.png", "Dani4_Mid_1.png", "Dani5_Mid_2.png", "Dani6_left_1.png", "Dani7_right_1.png", "Dani8_low_1.png", "Gofur1_Ideal_1.png", "Gofur2_Ideal_2.png", "Gofur3_Ideal_3.png", "Gofur4_Mid_1.png", "Gofur5_Mid_2.png", "Gofur6_left_1.png", "Gofur7_right_1.png", "Gofur9_hi_1.png"], [[0.0, 13.5733063957913, 19.27986693650347, 15.093032888464204, 20.943605187056296, 20.92803126570934, 20.612479603295977, 18.159063572164087, 19.025426481005965, 16.483840447865116, 16.451120415545425, 17.123516684242357, 20.31055681475278, 15.772002036038568, 23.263739484777886, 24.622004255104162, 23.110695751690645, 24.181164905329673, 25.77225394450507, 23.212358140562785, 28.174689943390906, 23.279379149061775, 22.22817472079854], [13.5733063957913, 0.0, 18.39305259006912, 17.708488570976076, 20.813064383958935, 22.097701363591618, 21.978313119213592, 20.36852149415513, 20.072453262764952, 19.056075998151208, 17.072320184087104, 18.296283521698143, 20.355744303854568, 19.219177570233413, 24.1292320970179, 23.12900714085014, 21.850564566335926, 23.382135192836756, 24.324440998526736, 23.506938347868278, 26.182562780351592, 20.412766837739042, 21.838107249816574], [19.27986693650347, 18.39305259006912, 0.0, 15.809344912987738, 16.586232405259654, 26.019324118178794, 20.065139050748705, 24.208065094390566, 22.91316975682702, 23.831854445174127, 20.44228777429727, 19.245074477841207, 25.437974747064477, 21.406723947255298, 24.663617283743207, 23.658407086683223, 23.455891309459446, 24.102306575317627, 24.056743216604044, 25.86903151197503, 24.026185129571047, 20.850594498078742, 23.17605240781581], [15.093032888464204, 17.708488570976076, 15.809344912987738, 0.0, 19.163837775260912, 26.99847666966934, 21.653474271029502, 20.90691436159163, 21.655313950907495, 21.346791640048178, 19.39772537371954, 15.748171594881963, 22.663672726472605, 17.1183549989838, 26.565814605982858, 24.464276176725008, 24.130189769961923, 24.08641067912765, 25.203604964273456, 24.85438919447485, 28.314657631025966, 22.8717196026101, 23.780943251932513], [20.943605187056296, 20.813064383958935, 16.586232405259654, 19.163837775260912, 0.0, 24.613972271068974, 21.49509404278324, 22.572474847963953, 23.155150156181016, 22.45048018668453, 16.38686000226472, 19.321486530669528, 19.063574169768298, 21.01735003259252, 22.57451179714493, 21.154147746875154, 21.902339494620918, 21.758683812068515, 23.250495991234892, 24.442133123827105, 22.862033924847097, 19.177990973764086, 19.79785409016075], [20.92803126570934, 22.097701363591618, 26.019324118178794, 26.99847666966934, 24.613972271068974, 0.0, 22.443212441273673, 22.568183509536613, 23.454490826640292, 21.982921752478855, 22.855475263354748, 24.04563962857208, 22.146382643491442, 24.06484576130922, 20.679062886209266, 25.772449087939066, 25.018293610394995, 25.36284713848869, 26.33816311182169, 25.60931407777278, 27.610659300833195, 25.88032193534634, 24.330269350251218], [20.612479603295977, 21.978313119213592, 20.065139050748705, 21.653474271029502, 21.49509404278324, 22.443212441273673, 0.0, 24.634241479837094, 24.204513347727772, 24.12035581777091, 22.404802289644085, 22.190942320225997, 25.097772911584446, 20.127249119355277, 22.88229662339526, 23.346275571152002, 23.517656447836824, 25.416084917620793, 25.554655133211742, 26.412507795042153, 25.119235948400668, 23.176440627474367, 23.723697744384005], [18.159063572164087, 20.36852149415513, 24.208065094390566, 20.90691436159163, 22.572474847963953, 22.568183509536613, 24.634241479837094, 0.0, 8.353079680030156, 7.975117837253342, 11.658349526467758, 14.016480243111557, 16.079705681651067, 13.145324842301784, 23.836695290982426, 17.34095883703284, 16.486741143363506, 16.85910447831581, 17.334937301811003, 14.267924627622124, 26.18504201001303, 18.312336910479228, 16.984251151395714], [19.025426481005965, 20.072453262764952, 22.91316975682702, 21.655313950907495, 23.155150156181016, 23.454490826640292, 24.204513347727772, 8.353079680030156, 0.0, 9.214725413418664, 13.803810589625495, 15.169932704712089, 19.79962118209126, 14.819258299347782, 23.647714069474887, 18.02687171570853, 17.3050503766095, 17.77802439498872, 16.95788253596715, 14.235775968731724, 26.18896112302909, 18.53662433912472, 17.002638649428967], [16.483840447865116, 19.056075998151208, 23.831854445174127, 21.346791640048178, 22.45048018668453, 21.982921752478855, 24.12035581777091, 7.975117837253342, 9.214725413418664, 0.0, 11.4958433269443, 14.973963336118276, 16.635157567641624, 13.414928724930146, 22.421775889595292, 17.942607372417786, 16.417105516302406, 18.117598621794446, 18.889447745446738, 14.631150161927604, 25.50232185970062, 17.013131146074283, 17.08474122993157], [16.451120415545425, 17.072320184087104, 20.44228777429727, 19.39772537371954, 16.38686000226472, 22.855475263354748, 22.404802289644085, 11.658349526467758, 13.803810589625495, 11.4958433269443, 0.0, 12.961380307675796, 13.39663282547693, 13.662252193832723, 22.542884608981026, 16.130693696285597, 15.638508167555731, 16.748946540529904, 19.48506113553641, 17.208559630502396, 24.602202889205007, 15.544931596399907, 16.039232273584094], [17.123516684242357, 18.296283521698143, 19.245074477841207, 15.748171594881963, 19.321486530669528, 24.04563962857208, 22.190942320225997, 14.016480243111557, 15.169932704712089, 14.973963336118276, 12.961380307675796, 0.0, 17.886356546826974, 13.540951406180628, 23.400842133662323, 19.114949899412892, 17.82941328782064, 18.387689656783525, 18.8190286739616, 18.170911283035295, 25.14732398986601, 17.797370268721906, 19.569045998052207], [20.31055681475278, 20.355744303854568, 25.437974747064477, 22.663672726472605, 19.063574169768298, 22.146382643491442, 25.097772911584446, 16.079705681651067, 19.79962118209126, 16.635157567641624, 13.39663282547693, 17.886356546826974, 0.0, 16.83912189707763, 22.989650803657327, 17.079594373799647, 16.334840523032625, 17.59491115532547, 20.800261407164978, 18.080656171059772, 25.642161266988516, 18.02637155704568, 17.839560634735495], [15.772002036038568, 19.219177570233413, 21.406723947255298, 17.1183549989838, 21.01735003259252, 24.06484576130922, 20.127249119355277, 13.145324842301784, 14.819258299347782, 13.414928724930146, 13.662252193832723, 13.540951406180628, 16.83912189707763, 0.0, 23.95512031438371, 18.946292919472356, 17.468332453588122, 19.006387430014534, 20.791534057640728, 17.619179040040297, 26.791319341953557, 18.84454929235703, 17.732695042982737], [23.263739484777886, 24.1292320970179, 24.663617283743207, 26.565814605982858, 22.57451179714493, 20.679062886209266, 22.88229662339526, 23.836695290982426, 23.647714069474887, 22.421775889595292, 22.542884608981026, 23.400842133662323, 22.989650803657327, 23.95512031438371, 0.0, 23.60119715139406, 22.598600262846528, 24.144548893822428, 24.904661564085803, 23.90053704846513, 24.84728647760162, 23.656993463960564, 22.34950509497755], [24.622004255104162, 23.12900714085014, 23.658407086683223, 24.464276176725008, 21.154147746875154, 25.772449087939066, 23.346275571152002, 17.34095883703284, 18.02687171570853, 17.942607372417786, 16.130693696285597, 19.114949899412892, 17.079594373799647, 18.946292919472356, 23.60119715139406, 0.0, 5.380709843423167, 6.318652464311541, 11.145039002241795, 9.866522191243744, 19.46333120946418, 10.560457526284372, 11.013561137517627], [23.110695751690645, 21.850564566335926, 23.455891309459446, 24.130189769961923, 21.902339494620918, 25.018293610394995, 23.517656447836824, 16.486741143363506, 17.3050503766095, 16.417105516302406, 15.638508167555731, 17.82941328782064, 16.334840523032625, 17.468332453588122, 22.598600262846528, 5.380709843423167, 0.0, 7.474527581410949, 10.925428843233151, 8.462473276160146, 18.346780781514468, 9.889235009621082, 10.658170640272743], [24.181164905329673, 23.382135192836756, 24.102306575317627, 24.08641067912765, 21.758683812068515, 25.36284713848869, 25.416084917620793, 16.85910447831581, 17.77802439498872, 18.117598621794446, 16.748946540529904, 18.387689656783525, 17.59491115532547, 19.006387430014534, 24.144548893822428, 6.318652464311541, 7.474527581410949, 0.0, 9.47550479939895, 9.0373939091266, 21.66091345627058, 12.24266126789001, 10.308489764384833], [25.77225394450507, 24.324440998526736, 24.056743216604044, 25.203604964273456, 23.250495991234892, 26.33816311182169, 25.554655133211742, 17.334937301811003, 16.95788253596715, 18.889447745446738, 19.48506113553641, 18.8190286739616, 20.800261407164978, 20.791534057640728, 24.904661564085803, 11.145039002241795, 10.925428843233151, 9.47550479939895, 0.0, 10.712645772088289, 20.255373007836592, 13.963991242641688, 13.875098611939388], [23.212358140562785, 23.506938347868278, 25.86903151197503, 24.85438919447485, 24.442133123827105, 25.60931407777278, 26.412507795042153, 14.267924627622124, 14.235775968731724, 14.631150161927604, 17.208559630502396, 18.170911283035295, 18.080656171059772, 17.619179040040297, 23.90053704846513, 9.866522191243744, 8.462473276160146, 9.0373939091266, 10.712645772088289, 0.0, 21.133881167475575, 13.585876285727638, 11.228358802507223], [28.174689943390906, 26.182562780351592, 24.026185129571047, 28.314657631025966, 22.862033924847097, 27.610659300833195, 25.119235948400668, 26.18504201001303, 26.18896112302909, 25.50232185970062, 24.602202889205007, 25.14732398986601, 25.642161266988516, 26.791319341953557, 24.84728647760162, 19.46333120946418, 18.346780781514468, 21.66091345627058, 20.255373007836592, 21.133881167475575, 0.0, 16.39195767006653, 20.17270271832587], [23.279379149061775, 20.412766837739042, 20.850594498078742, 22.8717196026101, 19.177990973764086, 25.88032193534634, 23.176440627474367, 18.312336910479228, 18.53662433912472, 17.013131146074283, 15.544931596399907, 17.797370268721906, 18.02637155704568, 18.84454929235703, 23.656993463960564, 10.560457526284372, 9.889235009621082, 12.24266126789001, 13.963991242641688, 13.585876285727638, 16.39195767006653, 0.0, 11.83971321756705], [22.22817472079854, 21.838107249816574, 23.17605240781581, 23.780943251932513, 19.79785409016075, 24.330269350251218, 23.723697744384005, 16.984251151395714, 17.002638649428967, 17.08474122993157, 16.039232273584094, 19.569045998052207, 17.839560634735495, 17.732695042982737, 22.34950509497755, 11.013561137517627, 10.658170640272743, 10.308489764384833, 13.875098611939388, 11.228358802507223, 20.17270271832587, 11.83971321756705, 0.0]]], ["dlib x ArcFace", ["Anthar1_Ideal_1.png", "Anthar2_Ideal_2.png", "Anthar3_Ideal_3.png", "Anthar4_Mid_1.png", "Anthar5_Mid_2.png", "Anthar7_right_1.png", "Anthar8_low_1.png", "Dani1_Ideal_1.png", "Dani2_Ideal_2.png", "Dani3_Ideal_3.png", "Dani4_Mid_1.png", "Dani5_Mid_2.png", "Dani6_left_1.png", "Dani7_right_1.png", "Dani8_low_1.png", "Gofur1_Ideal_1.png", "Gofur2_Ideal_2.png", "Gofur3_Ideal_3.png", "Gofur4_Mid_1.png", "Gofur5_Mid_2.png", "Gofur6_left_1.png", "Gofur7_right_1.png", "Gofur9_hi_1.png"], [[0.0, 3.3951102279694085, 3.6696516694741796, 2.9672191761740394, 5.17967584778015, 4.318707288339982, 3.9596091120566794, 4.721903439292115, 3.964027429479414, 4.056866896567445, 4.353215636450038, 4.56003561938874, 4.882862735897421, 4.235798097038422, 14.528692401338592, 5.050892374584221, 4.638747048085813, 5.256780545585153, 5.1780255361319325, 5.401352805294667, 4.646462466112343, 4.831551684686764, 4.083031789558788], [3.3951102279694085, 0.0, 2.7607479413621583, 3.7530189564593734, 3.4482183739498606, 3.6271056253214637, 3.4186382941086677, 5.153852732545574, 3.980438828867662, 4.100471907177411, 4.739521226247879, 5.1975835961894745, 5.355752487313852, 4.5191990509278845, 12.423542829671424, 5.442109542978488, 4.937510158442119, 5.737622435107995, 5.6450518993561465, 5.891111997920297, 4.444433247293598, 4.34104840524634, 4.284621109703257], [3.6696516694741796, 2.7607479413621583, 0.0, 3.8264823921874114, 2.745274724197486, 3.2031977937055283, 2.813347380837369, 4.949319597693136, 3.9803765783890577, 4.294610654955502, 4.627722577154681, 4.85177347727085, 5.157107750761254, 4.039671548214359, 12.185100722846093, 5.278317717151365, 4.813710506758795, 5.6967029616771745, 5.414393041051639, 5.759908708510206, 4.188949899157461, 3.733086641922434, 4.119202062193187], [2.9672191761740394, 3.7530189564593734, 3.8264823921874114, 0.0, 5.150310832256226, 4.1143063685337955, 4.023203611725392, 5.024148298097125, 4.286629325068033, 4.287488207983859, 4.634743248984502, 4.814277160449453, 4.8742574895872615, 4.281053826517434, 14.289820820078575, 5.297102190887409, 4.661855463250255, 5.534568598911318, 5.249079328222166, 5.437573049361063, 4.630659834405429, 4.5668689280170405, 4.362244302400828], [5.17967584778015, 3.4482183739498606, 2.745274724197486, 5.150310832256226, 0.0, 4.070302007666561, 3.746206163986773, 6.036737767918364, 5.187284847736373, 5.391694851653054, 5.726944218689294, 5.957502079492776, 6.263556254340586, 5.35206067871118, 10.296850949975713, 6.233112046374349, 5.860056473493008, 6.558109967124293, 6.3329223170631055, 6.72005455803743, 4.930631283096559, 4.649158925818489, 5.119091068030481], [4.318707288339982, 3.6271056253214637, 3.2031977937055283, 4.1143063685337955, 4.070302007666561, 0.0, 3.375558125270645, 5.252225254643012, 4.2369910360834036, 4.417968073806587, 4.729516229283977, 5.223759634753178, 4.738021408782957, 3.726937993872919, 12.809081424692748, 5.199402866934399, 4.611904175787347, 5.672755467441302, 5.298932250332209, 5.434626728147455, 3.9756257099245507, 3.4847244547328295, 3.9452987083203643], [3.9596091120566794, 3.4186382941086677, 2.813347380837369, 4.023203611725392, 3.746206163986773, 3.375558125270645, 0.0, 4.82451741003911, 3.7852059181671955, 4.069634603635681, 4.356843104149257, 5.0222268969693635, 5.057425310828065, 4.016100017689024, 13.137726324656075, 4.99741584130256, 4.444628743212899, 5.562920451780792, 5.397802494393814, 5.692424284839374, 3.9791350149763023, 3.9844172783451466, 3.8294500865426704], [4.721903439292115, 5.153852732545574, 4.949319597693136, 5.024148298097125, 6.036737767918364, 5.252225254643012, 4.82451741003911, 0.0, 3.0704042180078486, 3.1334770277420545, 2.6241566885709955, 3.073678339906493, 3.808531844277895, 4.328999381134352, 15.040155491143059, 4.390664828023163, 3.9131610665174454, 4.531205378987253, 4.362991313323097, 4.60119520522119, 4.517230195771948, 4.740307307616668, 3.7132208670243263], [3.964027429479414, 3.980438828867662, 3.9803765783890577, 4.286629325068033, 5.187284847736373, 4.2369910360834036, 3.7852059181671955, 3.0704042180078486, 0.0, 2.0000049928085035, 2.873743333197473, 3.4616213942152845, 4.146826381325385, 3.6069615880168286, 14.400444955948444, 4.761798689878791, 3.9025699908817337, 5.05149639176609, 4.831407530028532, 4.93341713790582, 3.8616808705905195, 3.989892022477365, 3.378274574563815], [4.056866896567445, 4.100471907177411, 4.294610654955502, 4.287488207983859, 5.391694851653054, 4.417968073806587, 4.069634603635681, 3.1334770277420545, 2.0000049928085035, 0.0, 3.113659231556615, 3.8504533251936963, 4.061667007775969, 3.7639801269819033, 14.391454215415447, 4.925693176164633, 4.058552060455204, 5.111079463264528, 4.870820160362916, 5.085652590552869, 4.026981747674314, 4.2818593593125485, 3.7976888337230896], [4.353215636450038, 4.739521226247879, 4.627722577154681, 4.634743248984502, 5.726944218689294, 4.729516229283977, 4.356843104149257, 2.6241566885709955, 2.873743333197473, 3.113659231556615, 0.0, 3.372022140365483, 3.500129890873136, 3.900668243864417, 14.803983575297547, 4.195182138823898, 3.6477109049494065, 4.284007756972247, 4.424961266315722, 4.374512380584032, 4.409042544168293, 4.30509809247637, 3.227868460470786], [4.56003561938874, 5.1975835961894745, 4.85177347727085, 4.814277160449453, 5.957502079492776, 5.223759634753178, 5.0222268969693635, 3.073678339906493, 3.4616213942152845, 3.8504533251936963, 3.372022140365483, 0.0, 4.0900797283120935, 4.148003002923888, 15.006426507600555, 4.674099997109865, 4.169718009861267, 4.812261050948337, 4.88556513226816, 4.863054037702784, 4.658144385646462, 4.544033697976363, 3.8081419370396343], [4.882862735897421, 5.355752487313852, 5.157107750761254, 4.8742574895872615, 6.263556254340586, 4.738021408782957, 5.057425310828065, 3.808531844277895, 4.146826381325385, 4.061667007775969, 3.500129890873136, 4.0900797283120935, 0.0, 3.609334945168114, 15.006121441306036, 4.512414742838277, 3.8441735544387834, 4.407736474188688, 4.538758136757549, 4.301041724638859, 4.714386553273099, 4.56734890247845, 3.8384085755131756], [4.235798097038422, 4.5191990509278845, 4.039671548214359, 4.281053826517434, 5.35206067871118, 3.726937993872919, 4.016100017689024, 4.328999381134352, 3.6069615880168286, 3.7639801269819033, 3.900668243864417, 4.148003002923888, 3.609334945168114, 0.0, 14.355899190434938, 4.757215832949007, 4.101756672731563, 5.020188209588354, 4.694164539385447, 4.615549529760345, 4.309851013725188, 3.2448130678707345, 3.5272799184677517], [14.528692401338592, 12.423542829671424, 12.185100722846093, 14.289820820078575, 10.296850949975713, 12.809081424692748, 13.137726324656075, 15.040155491143059, 14.400444955948444, 14.391454215415447, 14.803983575297547, 15.006426507600555, 15.006121441306036, 14.355899190434938, 0.0, 15.099031608401578, 14.92571810321818, 15.30861659962508, 15.147697569979494, 15.344935717780755, 14.049016708419355, 13.500883385733463, 14.288651950244653], [5.050892374584221, 5.442109542978488, 5.278317717151365, 5.297102190887409, 6.233112046374349, 5.199402866934399, 4.99741584130256, 4.390664828023163, 4.761798689878791, 4.925693176164633, 4.195182138823898, 4.674099997109865, 4.512414742838277, 4.757215832949007, 15.099031608401578, 0.0, 1.9596053113641623, 1.9757700392625648, 2.8977283192007453, 2.8564015261035407, 4.290092583193816, 4.275187637838523, 3.0569086796233367], [4.638747048085813, 4.937510158442119, 4.813710506758795, 4.661855463250255, 5.860056473493008, 4.611904175787347, 4.444628743212899, 3.9131610665174454, 3.9025699908817337, 4.058552060455204, 3.6477109049494065, 4.169718009861267, 3.8441735544387834, 4.101756672731563, 14.92571810321818, 1.9596053113641623, 0.0, 2.3323828446371424, 3.0252225835141453, 2.7854381087720688, 3.84320964792826, 3.6211153162289547, 2.419061793163107], [5.256780545585153, 5.737622435107995, 5.6967029616771745, 5.534568598911318, 6.558109967124293, 5.672755467441302, 5.562920451780792, 4.531205378987253, 5.05149639176609, 5.111079463264528, 4.284007756972247, 4.812261050948337, 4.407736474188688, 5.020188209588354, 15.30861659962508, 1.9757700392625648, 2.3323828446371424, 0.0, 2.8202095883404406, 2.7389886490786384, 4.818365190343748, 4.713673585243397, 3.1771758882085765], [5.1780255361319325, 5.6450518993561465, 5.4143930410516