{"Cossine": [["dlib x VGG-Face", ["Anthar1_Ideal_1.png", "Anthar2_Ideal_2.png", "Anthar3_Ideal_3.png", "Anthar4_Mid_1.png", "Anthar5_Mid_2.png", "Anthar7_right_1.png", "Anthar8_low_1.png", "Dani1_Ideal_1.png", "Dani2_Ideal_2.png", "Dani3_Ideal_3.png", "Dani4_Mid_1.png", "Dani5_Mid_2.png", "Dani6_left_1.png", "Dani7_right_1.png", "Dani8_low_1.png", "Gofur1_Ideal_1.png", "Gofur2_Ideal_2.png", "Gofur3_Ideal_3.png", "Gofur4_Mid_1.png", "Gofur5_Mid_2.png", "Gofur6_left_1.png", "Gofur7_right_1.png", "Gofur9_hi_1.png"], [[1.0, 0.7304411082844017, 0.5234469490028956, 0.6224023609658789, 0.49008321201937594, 0.5231144041639473, 0.3282222711222097, 0.3417220677738001, 0.4463832520927368, 0.5326648762207622, 0.3719736339630661, 0.3451736055768701, 0.3315617435225487, 0.5272519737521412, 0.3062557881258853, 0.3953491538911907, 0.4968165441909495, 0.3780734323578696, 0.39295110281394446, 0.42202997967603056, 0.37845459986893365, 0.3845402922538557, 0.5401114919570374], [0.7304411082844017, 0.9999999999999996, 0.5875664556099552, 0.6174221301963754, 0.5117170373145565, 0.5237931880130362, 0.3440967835389425, 0.29890214768699785, 0.41401594563445215, 0.49422333265424573, 0.30031132112040226, 0.3232935258204755, 0.3038647819041725, 0.41243500837624214, 0.36888367485216206, 0.39293651995247625, 0.4725540456607102, 0.35244529765097526, 0.3738068893568946, 0.37507018561401734, 0.43862757030304955, 0.35165426037588404, 0.44142388891509887], [0.5234469490028956, 0.5875664556099552, 1.0000000000000002, 0.6989307487810629, 0.6873538193189763, 0.49278058354408144, 0.5677367197804264, 0.17643919347234266, 0.2591233762325472, 0.36013001200268174, 0.21124796597464685, 0.303484522247317, 0.28898669075370365, 0.3221905497674948, 0.43104331139147267, 0.2993179783313411, 0.36209627412794104, 0.29026549721233136, 0.37915384496565424, 0.3669187449280958, 0.4832917151186277, 0.3822061950478983, 0.26403950631028206], [0.6224023609658789, 0.6174221301963754, 0.6989307487810629, 1.0000000000000009, 0.5376440055491669, 0.4680230737268264, 0.5127659675265225, 0.2775710350767014, 0.38188514012656266, 0.4472736761440701, 0.31462388748682346, 0.3399744558437867, 0.2939979494022606, 0.3418452644731909, 0.3227614162217522, 0.33742584890791105, 0.3927718113253677, 0.31363802329147744, 0.39095126507477584, 0.39841048021772335, 0.4078293038048485, 0.3809146192314571, 0.34831370399928546], [0.49008321201937594, 0.5117170373145565, 0.6873538193189763, 0.5376440055491669, 1.0000000000000002, 0.4572499584998784, 0.45721286769632463, 0.19666502923841725, 0.2423764786377035, 0.3392890719067895, 0.307109260715473, 0.2945022842937609, 0.31732400375101694, 0.41811380053534597, 0.3446246779086375, 0.40143072394538976, 0.4237212913120869, 0.406134184671938, 0.39603160325074616, 0.3865908517441736, 0.4643913277816185, 0.35954303601350335, 0.2857997587405343], [0.5231144041639473, 0.5237931880130362, 0.49278058354408144, 0.4680230737268264, 0.4572499584998784, 1.0000000000000002, 0.35643266780678656, 0.3111900018464664, 0.4620155954083504, 0.4572279575286248, 0.2631820877013653, 0.2647075221828896, 0.3918907036617343, 0.46908600052066934, 0.42458596033588847, 0.3371815039116358, 0.3869712301040759, 0.29237956974328333, 0.34289759810588083, 0.32320458605008157, 0.4063172892481052, 0.4063146196011104, 0.3444442508514878], [0.3282222711222097, 0.3440967835389425, 0.5677367197804264, 0.5127659675265225, 0.45721286769632463, 0.35643266780678656, 0.9999999999999996, 0.1433131176139536, 0.23195316268347835, 0.24702034715699214, 0.16917910870435648, 0.18639384382376153, 0.15996257134774616, 0.20736352209507308, 0.44088181780328367, 0.23172901908817073, 0.2588826630051657, 0.19196875339033592, 0.2506069766304369, 0.24421609422252125, 0.3443312743978364, 0.32823158972595823, 0.21387290759277944], [0.3417220677738001, 0.29890214768699785, 0.17643919347234266, 0.2775710350767014, 0.19666502923841725, 0.3111900018464664, 0.1433131176139536, 1.0000000000000007, 0.7460694299276209, 0.76780385594763, 0.5937817930784469, 0.5976512573829385, 0.46024694372220953, 0.4094020872696332, 0.1534676015953462, 0.5179394982120046, 0.49000543528380563, 0.4788485224626834, 0.4413891136903218, 0.4834357181625307, 0.2714158338075619, 0.29769556678233944, 0.4138514383914029], [0.4463832520927368, 0.41401594563445215, 0.2591233762325472, 0.38188514012656266, 0.2423764786377035, 0.4620155954083504, 0.23195316268347835, 0.7460694299276209, 0.9999999999999997, 0.8291539767898979, 0.4914839005115439, 0.4378049097233862, 0.4552818049007611, 0.43750287220397194, 0.26374568966429235, 0.4453059756129999, 0.447456583966703, 0.3965444857451148, 0.4122901890722722, 0.42725359439386007, 0.2834986972881656, 0.276400409777859, 0.3844596921907128], [0.5326648762207622, 0.49422333265424573, 0.36013001200268174, 0.4472736761440701, 0.3392890719067895, 0.4572279575286248, 0.24702034715699214, 0.76780385594763, 0.8291539767898979, 1.0, 0.5692848872490209, 0.5389059260124552, 0.5395715519976394, 0.5453020419516129, 0.264448268412979, 0.5207533532350468, 0.5864620024911805, 0.4877800008224305, 0.5043796518103698, 0.5065387107943934, 0.4363821171870522, 0.40387884011426006, 0.43903671786197473], [0.3719736339630661, 0.30031132112040226, 0.21124796597464685, 0.31462388748682346, 0.307109260715473, 0.2631820877013653, 0.16917910870435648, 0.5937817930784469, 0.4914839005115439, 0.5692848872490209, 1.0000000000000002, 0.49918591302252596, 0.48379803034422864, 0.5289884951556001, 0.15014434525595455, 0.5016675161782115, 0.5038955984446477, 0.4948962237962991, 0.38209000660492687, 0.44093709629135847, 0.3771862243214554, 0.40817715469939764, 0.3956424471469397], [0.3451736055768701, 0.3232935258204755, 0.303484522247317, 0.3399744558437867, 0.2945022842937609, 0.2647075221828896, 0.18639384382376153, 0.5976512573829385, 0.4378049097233862, 0.5389059260124552, 0.49918591302252596, 1.0000000000000002, 0.3189812334993029, 0.34626318125957867, 0.16990108531297687, 0.40357100095157844, 0.41915275028747734, 0.42033704225576246, 0.3809367629823231, 0.4413497203383222, 0.4076859393729884, 0.39937378741681057, 0.34848930349365526], [0.3315617435225487, 0.3038647819041725, 0.28898669075370365, 0.2939979494022606, 0.31732400375101694, 0.3918907036617343, 0.15996257134774616, 0.46024694372220953, 0.4552818049007611, 0.5395715519976394, 0.48379803034422864, 0.3189812334993029, 1.0, 0.5733456704166492, 0.22350081673027422, 0.46149757236477973, 0.5051267306466788, 0.4929754497412215, 0.4078218244676953, 0.4524736652013148, 0.4019586441429614, 0.4585578867041689, 0.3219598267803445], [0.5272519737521412, 0.41243500837624214, 0.3221905497674948, 0.3418452644731909, 0.41811380053534597, 0.46908600052066934, 0.20736352209507308, 0.4094020872696332, 0.43750287220397194, 0.5453020419516129, 0.5289884951556001, 0.34626318125957867, 0.5733456704166492, 0.9999999999999999, 0.24095103865690204, 0.5538047041991288, 0.670557616345861, 0.5543997384759357, 0.5590306812643453, 0.5639561133671347, 0.38166996233816075, 0.543837052036225, 0.5122250319384197], [0.3062557881258853, 0.36888367485216206, 0.43104331139147267, 0.3227614162217522, 0.3446246779086375, 0.42458596033588847, 0.44088181780328367, 0.1534676015953462, 0.26374568966429235, 0.264448268412979, 0.15014434525595455, 0.16990108531297687, 0.22350081673027422, 0.24095103865690204, 1.0000000000000002, 0.2353027673958513, 0.2455348266363683, 0.19664190958408445, 0.2139264611233913, 0.2592234696531736, 0.3396537057167892, 0.28807256501629613, 0.22308602989764054], [0.3953491538911907, 0.39293651995247625, 0.2993179783313411, 0.33742584890791105, 0.40143072394538976, 0.3371815039116358, 0.23172901908817073, 0.5179394982120046, 0.4453059756129999, 0.5207533532350468, 0.5016675161782115, 0.40357100095157844, 0.46149757236477973, 0.5538047041991288, 0.2353027673958513, 1.0000000000000002, 0.8273062378712843, 0.8748732292875849, 0.7551257910427611, 0.7909117893975951, 0.4761405535430754, 0.5803596476377354, 0.6217392054447775], [0.4968165441909495, 0.4725540456607102, 0.36209627412794104, 0.3927718113253677, 0.4237212913120869, 0.3869712301040759, 0.2588826630051657, 0.49000543528380563, 0.447456583966703, 0.5864620024911805, 0.5038955984446477, 0.41915275028747734, 0.5051267306466788, 0.670557616345861, 0.2455348266363683, 0.8273062378712843, 1.0000000000000004, 0.8123957432205986, 0.7531218750282631, 0.7660435574140023, 0.5086791124692327, 0.6470399321991005, 0.668289029024168], [0.3780734323578696, 0.35244529765097526, 0.29026549721233136, 0.31363802329147744, 0.406134184671938, 0.29237956974328333, 0.19196875339033592, 0.4788485224626834, 0.3965444857451148, 0.4877800008224305, 0.4948962237962991, 0.42033704225576246, 0.4929754497412215, 0.5543997384759357, 0.19664190958408445, 0.8748732292875849, 0.8123957432205986, 1.0000000000000004, 0.8237043082072133, 0.8624164058663575, 0.4575922201310265, 0.6189945039561231, 0.5709120710340717], [0.39295110281394446, 0.3738068893568946, 0.37915384496565424, 0.39095126507477584, 0.39603160325074616, 0.34289759810588083, 0.2506069766304369, 0.4413891136903218, 0.4122901890722722, 0.5043796518103698, 0.38209000660492687, 0.3809367629823231, 0.4078218244676953, 0.5590306812643453, 0.2139264611233913, 0.7551257910427611, 0.7531218750282631, 0.8237043082072133, 1.0000000000000002, 0.8346604193665371, 0.4746528061469498, 0.5882001089681087, 0.5518580462731248], [0.42202997967603056, 0.37507018561401734, 0.3669187449280958, 0.39841048021772335, 0.3865908517441736, 0.32320458605008157, 0.24421609422252125, 0.4834357181625307, 0.42725359439386007, 0.5065387107943934, 0.44093709629135847, 0.4413497203383222, 0.4524736652013148, 0.5639561133671347, 0.2592234696531736, 0.7909117893975951, 0.7660435574140023, 0.8624164058663575, 0.8346604193665371, 1.0000000000000004, 0.4349278851696744, 0.6145393930803402, 0.6080798030939245], [0.37845459986893365, 0.43862757030304955, 0.4832917151186277, 0.4078293038048485, 0.4643913277816185, 0.4063172892481052, 0.3443312743978364, 0.2714158338075619, 0.2834986972881656, 0.4363821171870522, 0.3771862243214554, 0.4076859393729884, 0.4019586441429614, 0.38166996233816075, 0.3396537057167892, 0.4761405535430754, 0.5086791124692327, 0.4575922201310265, 0.4746528061469498, 0.4349278851696744, 1.0000000000000004, 0.616095152272013, 0.36168149368619423], [0.3845402922538557, 0.35165426037588404, 0.3822061950478983, 0.3809146192314571, 0.35954303601350335, 0.4063146196011104, 0.32823158972595823, 0.29769556678233944, 0.276400409777859, 0.40387884011426006, 0.40817715469939764, 0.39937378741681057, 0.4585578867041689, 0.543837052036225, 0.28807256501629613, 0.5803596476377354, 0.6470399321991005, 0.6189945039561231, 0.5882001089681087, 0.6145393930803402, 0.616095152272013, 0.9999999999999998, 0.47755970446892176], [0.5401114919570374, 0.44142388891509887, 0.26403950631028206, 0.34831370399928546, 0.2857997587405343, 0.3444442508514878, 0.21387290759277944, 0.4138514383914029, 0.3844596921907128, 0.43903671786197473, 0.3956424471469397, 0.34848930349365526, 0.3219598267803445, 0.5122250319384197, 0.22308602989764054, 0.6217392054447775, 0.668289029024168, 0.5709120710340717, 0.5518580462731248, 0.6080798030939245, 0.36168149368619423, 0.47755970446892176, 1.0]]], ["dlib x Facenet", ["Anthar1_Ideal_1.png", "Anthar2_Ideal_2.png", "Anthar3_Ideal_3.png", "Anthar4_Mid_1.png", "Anthar5_Mid_2.png", "Anthar7_right_1.png", "Anthar8_low_1.png", "Dani1_Ideal_1.png", "Dani2_Ideal_2.png", "Dani3_Ideal_3.png", "Dani4_Mid_1.png", "Dani5_Mid_2.png", "Dani6_left_1.png", "Dani7_right_1.png", "Dani8_low_1.png", "Gofur1_Ideal_1.png", "Gofur2_Ideal_2.png", "Gofur3_Ideal_3.png", "Gofur4_Mid_1.png", "Gofur5_Mid_2.png", "Gofur6_left_1.png", "Gofur7_right_1.png", "Gofur9_hi_1.png"], [[1.0000000000000002, 0.8961765083472987, 0.7941980030336782, 0.7104109535773192, 0.7650184005498726, 0.4629498545680342, 0.4516581496249429, 0.42643586314336035, 0.6366348693965065, 0.6738204234864318, 0.5409121522121779, 0.40864919665414945, 0.5647318535096334, 0.38002989826528955, 0.7240334982347559, 0.6117987678281979, 0.6117517817988346, 0.5877766139515845, 0.6049095915422287, 0.8075133148891036, 0.49161950485519573, 0.6493185241416788, 0.8585360002045983], [0.8961765083472987, 1.0000000000000002, 0.7553920012840288, 0.6359662186792667, 0.7460855920668715, 0.45367537489175347, 0.39553098647288215, 0.3034429709565115, 0.7476164574879393, 0.5928241025671084, 0.40933697074160436, 0.3691082478979079, 0.43510282435166664, 0.27774612935834997, 0.7423160770313492, 0.5449004368592331, 0.5423736577562924, 0.5577213200346374, 0.541399454628006, 0.6884133761047135, 0.3962416630625229, 0.59929581784689, 0.9068116575278147], [0.7941980030336782, 0.7553920012840288, 0.9999999999999998, 0.5061755287168349, 0.8862795712354957, 0.3171253946408532, 0.5501292529513478, 0.3714571492537194, 0.5191815585208517, 0.5782438590245641, 0.4614617023160634, 0.28816222901730876, 0.4329537152645065, 0.23799018615336054, 0.6243132797632353, 0.5323204439713076, 0.5140538809961985, 0.4792966269311208, 0.5546196021539355, 0.6002178443216429, 0.4243714158225777, 0.4865282519787131, 0.690226605873509], [0.7104109535773192, 0.6359662186792667, 0.5061755287168349, 1.0000000000000007, 0.5391372215930119, 0.6711313239889656, 0.35733387528461885, 0.4946861072213163, 0.5530786410907216, 0.7193509707319735, 0.5031764337076614, 0.48507366015178227, 0.5920067814430842, 0.5070326187934892, 0.4755936418618714, 0.6056705076106184, 0.6315144864568, 0.6092773622645961, 0.6249551860346688, 0.7792378931951438, 0.4461947662167769, 0.6262615580022136, 0.611482052204731], [0.7650184005498726, 0.7460855920668715, 0.8862795712354957, 0.5391372215930119, 0.9999999999999998, 0.32870370616729516, 0.54217118718212, 0.45949247951526817, 0.5720621605712319, 0.7037133326496857, 0.6336445944640564, 0.390565395509047, 0.534974425045273, 0.2694356340077032, 0.5425341784502127, 0.7055716190110024, 0.683548365016708, 0.6516123585155467, 0.693782912900293, 0.6581114142643016, 0.5345859549590448, 0.6399335383362341, 0.7243655897900213], [0.4629498545680342, 0.45367537489175347, 0.3171253946408532, 0.6711313239889656, 0.32870370616729516, 1.0000000000000004, 0.33485278113064015, 0.3962901186960247, 0.5708106192550135, 0.4659739717934013, 0.2532238281320154, 0.43488590127536364, 0.44368633433531296, 0.5994913607410112, 0.4291499357251336, 0.3987355974433605, 0.32673588402526643, 0.2937260080519314, 0.48182008923600117, 0.5127983074943875, 0.24655801985008, 0.34518660080633723, 0.5301575521856321], [0.4516581496249429, 0.39553098647288215, 0.5501292529513478, 0.35733387528461885, 0.54217118718212, 0.33485278113064015, 0.9999999999999993, 0.19834233366745732, 0.3963070662923688, 0.35692704838190853, 0.24563278139610192, 0.13274850262038843, 0.19682659076330128, 0.04014958577063751, 0.4902892709544783, 0.2882357843942208, 0.2526680399127025, 0.21402181513678833, 0.3857472389332466, 0.29994645267228465, 0.236540879446267, 0.31842935698908975, 0.48095577367961057], [0.42643586314336035, 0.3034429709565115, 0.3714571492537194, 0.4946861072213163, 0.45949247951526817, 0.3962901186960247, 0.19834233366745732, 1.0000000000000004, 0.3319348316450936, 0.6431314633826115, 0.8029367888386671, 0.6481839600467764, 0.6924988517752604, 0.7159048385891631, 0.2544369664788706, 0.4727107890138412, 0.5717522192107239, 0.3902769869754277, 0.48805551446747636, 0.4653173610036581, 0.46615872982930406, 0.3825992630561695, 0.3946298632751647], [0.6366348693965065, 0.7476164574879393, 0.5191815585208517, 0.5530786410907216, 0.5720621605712319, 0.5708106192550135, 0.3963070662923688, 0.3319348316450936, 1.0, 0.6235315384988167, 0.39916635341142964, 0.2625117659645963, 0.40016687036843723, 0.3185849771492598, 0.5814145351731166, 0.40182542484403294, 0.3867697125913611, 0.3906271061012986, 0.36439442403302386, 0.48247096265661005, 0.3239658389888936, 0.42378046563441996, 0.7963648403008919], [0.6738204234864318, 0.5928241025671084, 0.5782438590245641, 0.7193509707319735, 0.7037133326496857, 0.4659739717934013, 0.35692704838190853, 0.6431314633826115, 0.6235315384988167, 1.0, 0.801117518920157, 0.47200883755411077, 0.7335558302310823, 0.48058475466591954, 0.4526302929018192, 0.732183467700891, 0.8046708510938105, 0.7071427853893081, 0.6547336438725891, 0.7474545231256119, 0.6590139714525841, 0.6487687668136335, 0.6503692102559947], [0.5409121522121779, 0.40933697074160436, 0.4614617023160634, 0.5031764337076614, 0.6336445944640564, 0.2532238281320154, 0.24563278139610192, 0.8029367888386671, 0.39916635341142964, 0.801117518920157, 1.0000000000000002, 0.4683104278078899, 0.7525828018349924, 0.5307236318210176, 0.3044974111574919, 0.656958361481667, 0.7207008309248398, 0.585382194312344, 0.5965869280597169, 0.6184786109975284, 0.5474100936679878, 0.531159889259791, 0.5099455285456451], [0.40864919665414945, 0.3691082478979079, 0.28816222901730876, 0.48507366015178227, 0.390565395509047, 0.43488590127536364, 0.13274850262038843, 0.6481839600467764, 0.2625117659645963, 0.47200883755411077, 0.4683104278078899, 1.0000000000000007, 0.42713916218335635, 0.5572845167895181, 0.26990490843729137, 0.43143747663791127, 0.5323841225135457, 0.4391899103107659, 0.3775011344572737, 0.34597272984788263, 0.38561397696571675, 0.5629810110403994, 0.36005266371291517], [0.5647318535096334, 0.43510282435166664, 0.4329537152645065, 0.5920067814430842, 0.534974425045273, 0.44368633433531296, 0.19682659076330128, 0.6924988517752604, 0.40016687036843723, 0.7335558302310823, 0.7525828018349924, 0.42713916218335635, 1.0000000000000004, 0.6428866799732472, 0.3105123154967657, 0.6695368300662966, 0.7472181105908413, 0.6291916305764363, 0.6184612269180936, 0.7175376964547044, 0.7364376151908583, 0.6146755680627382, 0.5383907425444875], [0.38002989826528955, 0.27774612935834997, 0.23799018615336054, 0.5070326187934892, 0.2694356340077032, 0.5994913607410112, 0.04014958577063751, 0.7159048385891631, 0.3185849771492598, 0.48058475466591954, 0.5307236318210176, 0.5572845167895181, 0.6428866799732472, 1.0000000000000007, 0.17296030180253086, 0.3504512484650154, 0.4091633483794659, 0.284376274004185, 0.42840227546374965, 0.5211249168542637, 0.3665568165680464, 0.336454727529632, 0.35730727988009353], [0.7240334982347559, 0.7423160770313492, 0.6243132797632353, 0.4755936418618714, 0.5425341784502127, 0.4291499357251336, 0.4902892709544783, 0.2544369664788706, 0.5814145351731166, 0.4526302929018192, 0.3044974111574919, 0.26990490843729137, 0.3105123154967657, 0.17296030180253086, 0.9999999999999999, 0.2741389697523411, 0.2865325795804575, 0.24728809472489158, 0.29504292874538596, 0.423505604539481, 0.31466899922300123, 0.32149799252540484, 0.7789118497878521], [0.6117987678281979, 0.5449004368592331, 0.5323204439713076, 0.6056705076106184, 0.7055716190110024, 0.3987355974433605, 0.2882357843942208, 0.4727107890138412, 0.40182542484403294, 0.732183467700891, 0.656958361481667, 0.43143747663791127, 0.6695368300662966, 0.3504512484650154, 0.2741389697523411, 1.0, 0.9290785360674447, 0.9433590068013048, 0.8802824158193473, 0.7935693837909229, 0.6435358491462885, 0.7954578793473537, 0.5224785126045893], [0.6117517817988346, 0.5423736577562924, 0.5140538809961985, 0.6315144864568, 0.683548365016708, 0.32673588402526643, 0.2526680399127025, 0.5717522192107239, 0.3867697125913611, 0.8046708510938105, 0.7207008309248398, 0.5323841225135457, 0.7472181105908413, 0.4091633483794659, 0.2865325795804575, 0.9290785360674447, 1.0000000000000007, 0.924062781512421, 0.8093958902748838, 0.7850783408770612, 0.7224982487221715, 0.8374135705856023, 0.527317581297864], [0.5877766139515845, 0.5577213200346374, 0.4792966269311208, 0.6092773622645961, 0.6516123585155467, 0.2937260080519314, 0.21402181513678833, 0.3902769869754277, 0.3906271061012986, 0.7071427853893081, 0.585382194312344, 0.4391899103107659, 0.6291916305764363, 0.284376274004185, 0.24728809472489158, 0.9433590068013048, 0.924062781512421, 1.0000000000000002, 0.8212646685475418, 0.7553835646625712, 0.6326164018890966, 0.8094838721334737, 0.49186255648341004], [0.6049095915422287, 0.541399454628006, 0.5546196021539355, 0.6249551860346688, 0.693782912900293, 0.48182008923600117, 0.3857472389332466, 0.48805551446747636, 0.36439442403302386, 0.6547336438725891, 0.5965869280597169, 0.3775011344572737, 0.6184612269180936, 0.42840227546374965, 0.29504292874538596, 0.8802824158193473, 0.8093958902748838, 0.8212646685475418, 0.9999999999999996, 0.8085388045280515, 0.59065772210075, 0.6521922040160629, 0.5025955844758299], [0.8075133148891036, 0.6884133761047135, 0.6002178443216429, 0.7792378931951438, 0.6581114142643016, 0.5127983074943875, 0.29994645267228465, 0.4653173610036581, 0.48247096265661005, 0.7474545231256119, 0.6184786109975284, 0.34597272984788263, 0.7175376964547044, 0.5211249168542637, 0.423505604539481, 0.7935693837909229, 0.7850783408770612, 0.7553835646625712, 0.8085388045280515, 1.0, 0.579805151068154, 0.6832969200439282, 0.6880308977181836], [0.49161950485519573, 0.3962416630625229, 0.4243714158225777, 0.4461947662167769, 0.5345859549590448, 0.24655801985008, 0.236540879446267, 0.46615872982930406, 0.3239658389888936, 0.6590139714525841, 0.5474100936679878, 0.38561397696571675, 0.7364376151908583, 0.3665568165680464, 0.31466899922300123, 0.6435358491462885, 0.7224982487221715, 0.6326164018890966, 0.59065772210075, 0.579805151068154, 0.9999999999999999, 0.6416857470390511, 0.4314294269489128], [0.6493185241416788, 0.59929581784689, 0.4865282519787131, 0.6262615580022136, 0.6399335383362341, 0.34518660080633723, 0.31842935698908975, 0.3825992630561695, 0.42378046563441996, 0.6487687668136335, 0.531159889259791, 0.5629810110403994, 0.6146755680627382, 0.336454727529632, 0.32149799252540484, 0.7954578793473537, 0.8374135705856023, 0.8094838721334737, 0.6521922040160629, 0.6832969200439282, 0.6416857470390511, 1.0000000000000002, 0.5970748505998804], [0.8585360002045983, 0.9068116575278147, 0.690226605873509, 0.611482052204731, 0.7243655897900213, 0.5301575521856321, 0.48095577367961057, 0.3946298632751647, 0.7963648403008919, 0.6503692102559947, 0.5099455285456451, 0.36005266371291517, 0.5383907425444875, 0.35730727988009353, 0.7789118497878521, 0.5224785126045893, 0.527317581297864, 0.49186255648341004, 0.5025955844758299, 0.6880308977181836, 0.4314294269489128, 0.5970748505998804, 1.0000000000000002]]], ["dlib x Facenet512", ["Anthar1_Ideal_1.png", "Anthar2_Ideal_2.png", "Anthar3_Ideal_3.png", "Anthar4_Mid_1.png", "Anthar5_Mid_2.png", "Anthar7_right_1.png", "Anthar8_low_1.png", "Dani1_Ideal_1.png", "Dani2_Ideal_2.png", "Dani3_Ideal_3.png", "Dani4_Mid_1.png", "Dani5_Mid_2.png", "Dani6_left_1.png", "Dani7_right_1.png", "Dani8_low_1.png", "Gofur1_Ideal_1.png", "Gofur2_Ideal_2.png", "Gofur3_Ideal_3.png", "Gofur4_Mid_1.png", "Gofur5_Mid_2.png", "Gofur6_left_1.png", "Gofur7_right_1.png", "Gofur9_hi_1.png"], [[1.0000000000000007, 0.8341312006633386, 0.6864705258310744, 0.8146991625692843, 0.5939905154303816, 0.5898980286646446, 0.6182936716929437, 0.6951340043521044, 0.6678384345617058, 0.7458684900234547, 0.7479746189693413, 0.7353267739591788, 0.616019349925725, 0.775514720431022, 0.22200741881191288, 0.46363799332892247, 0.5144343013129902, 0.49343375556516, 0.4293776444402757, 0.5212911332464852, 0.3460990176389716, 0.5288930432925816, 0.5449576491420489], [0.8341312006633386, 1.000000000000001, 0.715089186010715, 0.7438014405556408, 0.5995594622158171, 0.5432863995419496, 0.5665523464538165, 0.6168392621238077, 0.6307234714009853, 0.6605589672800948, 0.7289068077394253, 0.6981983689588626, 0.6148143227441538, 0.667067273593264, 0.12774546366806533, 0.5272826509801717, 0.5664819541715651, 0.5269331357709809, 0.4923654230372315, 0.5096378848600176, 0.43637275721461044, 0.6383111326027691, 0.5613546363322021], [0.6864705258310744, 0.715089186010715, 1.0000000000000009, 0.8052825233687141, 0.7639840387623028, 0.40725724936347146, 0.6611960881695088, 0.49325587326234693, 0.5494311667838645, 0.5035209086991339, 0.6374130028197533, 0.6872548772626343, 0.4366912811618701, 0.6126798913773299, 0.2187054736613968, 0.5346572004798366, 0.531585410170429, 0.5258854764738625, 0.5312736447560414, 0.4413522633463798, 0.5502785061500737, 0.644154386202675, 0.5375690561869945], [0.8146991625692843, 0.7438014405556408, 0.8052825233687141, 1.000000000000001, 0.6933226758746407, 0.3788475951894178, 0.6158938670791564, 0.634066684318447, 0.6093139599027044, 0.6145445821725098, 0.684084615877394, 0.7977825557385099, 0.5666155197743055, 0.7604431680056064, 0.06622214031247527, 0.5150813491392174, 0.5174775046024237, 0.5382042168496006, 0.49795518451993986, 0.49763860489440714, 0.3893894226704739, 0.5824877545953225, 0.526419165679228], [0.5939905154303816, 0.5995594622158171, 0.7639840387623028, 0.6933226758746407, 1.0000000000000013, 0.4158816177119089, 0.5738256384302249, 0.5152757712874965, 0.4940859833666413, 0.5140345721166478, 0.7423888445005702, 0.6539835424460738, 0.6518203107155035, 0.5906260849727576, 0.2329995557132598, 0.5939927679123476, 0.5518952380527682, 0.5799862667035712, 0.5244838603104939, 0.45521367890123143, 0.5613348484012829, 0.672897442066205, 0.6287986614438129], [0.5898980286646446, 0.5432863995419496, 0.40725724936347146, 0.3788475951894178, 0.4158816177119089, 1.000000000000001, 0.5299544629431299, 0.5094377149835262, 0.47456286190318764, 0.5281101457381755, 0.4925006771767716, 0.4575458398543569, 0.5241720413756342, 0.4568256171916921, 0.4062344566135348, 0.38988808545271386, 0.40820743496465073, 0.42220996403638295, 0.3822930718838171, 0.394900728377982, 0.3505983456425937, 0.396017448102834, 0.43244811700353836], [0.6182936716929437, 0.5665523464538165, 0.6611960881695088, 0.6158938670791564, 0.5738256384302249, 0.5299544629431299, 1.0000000000000007, 0.44061633347645324, 0.4641317367353625, 0.4568991251610802, 0.5337055557129818, 0.5569822480388691, 0.41544899519982253, 0.6356428399031984, 0.27163785939740415, 0.5193425555631912, 0.4988862055569562, 0.44203576378931336, 0.4407095659361084, 0.3821865531592833, 0.48243030608039333, 0.5344979858510416, 0.48343474995557806], [0.6951340043521044, 0.6168392621238077, 0.49325587326234693, 0.634066684318447, 0.5152757712874965, 0.5094377149835262, 0.44061633347645324, 1.0000000000000009, 0.9342525847578744, 0.9388166890230019, 0.8697550904001988, 0.8182169363596001, 0.7525337748323293, 0.8401961132649494, 0.0925454035252346, 0.7277336317092686, 0.746398405532684, 0.7488871340703966, 0.7370589641130818, 0.8150721044399063, 0.4230367771344138, 0.7021592373340312, 0.7270688987771875], [0.6678384345617058, 0.6307234714009853, 0.5494311667838645, 0.6093139599027044, 0.4940859833666413, 0.47456286190318764, 0.4641317367353625, 0.9342525847578744, 1.0000000000000009, 0.9190908418413624, 0.8189683276734109, 0.7885645147986828, 0.6278973068813701, 0.7982889522623736, 0.13424848477301102, 0.7077410762723132, 0.7227274290596901, 0.7223129497037907, 0.7499817677308562, 0.817103557969686, 0.4267016187888071, 0.6967859969671143, 0.7286821972517133], [0.7458684900234547, 0.6605589672800948, 0.5035209086991339, 0.6145445821725098, 0.5140345721166478, 0.5281101457381755, 0.4568991251610802, 0.9388166890230019, 0.9190908418413624, 1.000000000000001, 0.8716094686248466, 0.7900837208552219, 0.7315197884104521, 0.8317197903109431, 0.22065260563658395, 0.7051487232906426, 0.7454371188443507, 0.7066519084417081, 0.6840645851350888, 0.8034719942657003, 0.4471002907890451, 0.7405743561904836, 0.7202121746031103], [0.7479746189693413, 0.7289068077394253, 0.6374130028197533, 0.684084615877394, 0.7423888445005702, 0.4925006771767716, 0.5337055557129818, 0.8697550904001988, 0.8189683276734109, 0.8716094686248466, 1.0000000000000018, 0.8435224372707144, 0.8267485048393994, 0.8261324348807041, 0.2189899513490846, 0.7629491604687251, 0.7700810209881164, 0.7506418072308578, 0.6648848069018412, 0.728691328688243, 0.4880010576311578, 0.7846230444361703, 0.7545975872957761], [0.7353267739591788, 0.6981983689588626, 0.6872548772626343, 0.7977825557385099, 0.6539835424460738, 0.4575458398543569, 0.5569822480388691, 0.8182169363596001, 0.7885645147986828, 0.7900837208552219, 0.8435224372707144, 1.0000000000000004, 0.7018751589265194, 0.8343012866147362, 0.20345277011807042, 0.676378301289184, 0.7106019751044688, 0.7070423900278542, 0.6958830065595466, 0.7063007814456798, 0.47918961687789785, 0.7245668848544047, 0.6468503334785938], [0.616019349925725, 0.6148143227441538, 0.4366912811618701, 0.5666155197743055, 0.6518203107155035, 0.5241720413756342, 0.41544899519982253, 0.7525337748323293, 0.6278973068813701, 0.7315197884104521, 0.8267485048393994, 0.7018751589265194, 1.0000000000000013, 0.735897448994129, 0.17231404282715734, 0.734364906398884, 0.7494311849640825, 0.7248235067902565, 0.6180819552926288, 0.7007195807045291, 0.4437994404349538, 0.7098405512877074, 0.6967994048693057], [0.775514720431022, 0.667067273593264, 0.6126798913773299, 0.7604431680056064, 0.5906260849727576, 0.4568256171916921, 0.6356428399031984, 0.8401961132649494, 0.7982889522623736, 0.8317197903109431, 0.8261324348807041, 0.8343012866147362, 0.735897448994129, 1.000000000000001, 0.14173780171083136, 0.6821430956697898, 0.7222784358121865, 0.6870120229513498, 0.6286228393077742, 0.7239389558011722, 0.4084976097185978, 0.6911902331846869, 0.7101362359984895], [0.22200741881191288, 0.12774546366806533, 0.2187054736613968, 0.06622214031247527, 0.2329995557132598, 0.4062344566135348, 0.27163785939740415, 0.0925454035252346, 0.13424848477301102, 0.22065260563658395, 0.2189899513490846, 0.20345277011807042, 0.17231404282715734, 0.14173780171083136, 1.0000000000000013, 0.22944818079998033, 0.27427608032577105, 0.21902071531908796, 0.15458390054231017, 0.18617016357657698, 0.2609006117589155, 0.26411597937971804, 0.27016134686396814], [0.46363799332892247, 0.5272826509801717, 0.5346572004798366, 0.5150813491392174, 0.5939927679123476, 0.38988808545271386, 0.5193425555631912, 0.7277336317092686, 0.7077410762723132, 0.7051487232906426, 0.7629491604687251, 0.676378301289184, 0.734364906398884, 0.6821430956697898, 0.22944818079998033, 1.000000000000001, 0.9745192646891656, 0.9661895596171508, 0.8954222414839164, 0.9150745369637207, 0.6941414187954809, 0.9048290667458603, 0.8910762754347448], [0.5144343013129902, 0.5664819541715651, 0.531585410170429, 0.5174775046024237, 0.5518952380527682, 0.40820743496465073, 0.4988862055569562, 0.746398405532684, 0.7227274290596901, 0.7454371188443507, 0.7700810209881164, 0.7106019751044688, 0.7494311849640825, 0.7222784358121865, 0.27427608032577105, 0.9745192646891656, 1.0000000000000013, 0.9522086713705757, 0.8978762329012251, 0.9360732864134939, 0.7231448697142709, 0.9150868923046299, 0.89451136463977], [0.49343375556516, 0.5269331357709809, 0.5258854764738625, 0.5382042168496006, 0.5799862667035712, 0.42220996403638295, 0.44203576378931336, 0.7488871340703966, 0.7223129497037907, 0.7066519084417081, 0.7506418072308578, 0.7070423900278542, 0.7248235067902565, 0.6870120229513498, 0.21902071531908796, 0.9661895596171508, 0.9522086713705757, 1.0000000000000009, 0.925652897336952, 0.930432263188895, 0.6270436473947977, 0.8744372579667028, 0.9075716628985736], [0.4293776444402757, 0.4923654230372315, 0.5312736447560414, 0.49795518451993986, 0.5244838603104939, 0.3822930718838171, 0.4407095659361084, 0.7370589641130818, 0.7499817677308562, 0.6840645851350888, 0.6648848069018412, 0.6958830065595466, 0.6180819552926288, 0.6286228393077742, 0.15458390054231017, 0.8954222414839164, 0.8978762329012251, 0.925652897336952, 1.0000000000000004, 0.9031335170860298, 0.6762622815175445, 0.8379964265696331, 0.8329386204078694], [0.5212911332464852, 0.5096378848600176, 0.4413522633463798, 0.49763860489440714, 0.45521367890123143, 0.394900728377982, 0.3821865531592833, 0.8150721044399063, 0.817103557969686, 0.8034719942657003, 0.728691328688243, 0.7063007814456798, 0.7007195807045291, 0.7239389558011722, 0.18617016357657698, 0.9150745369637207, 0.9360732864134939, 0.930432263188895, 0.9031335170860298, 1.000000000000001, 0.6377810141280322, 0.841826931105213, 0.8861294082081198], [0.3460990176389716, 0.43637275721461044, 0.5502785061500737, 0.3893894226704739, 0.5613348484012829, 0.3505983456425937, 0.48243030608039333, 0.4230367771344138, 0.4267016187888071, 0.4471002907890451, 0.4880010576311578, 0.47918961687789785, 0.4437994404349538, 0.4084976097185978, 0.2609006117589155, 0.6941414187954809, 0.7231448697142709, 0.6270436473947977, 0.6762622815175445, 0.6377810141280322, 1.0000000000000013, 0.7863282775307509, 0.661142041897308], [0.5288930432925816, 0.6383111326027691, 0.644154386202675, 0.5824877545953225, 0.672897442066205, 0.396017448102834, 0.5344979858510416, 0.7021592373340312, 0.6967859969671143, 0.7405743561904836, 0.7846230444361703, 0.7245668848544047, 0.7098405512877074, 0.6911902331846869, 0.26411597937971804, 0.9048290667458603, 0.9150868923046299, 0.8744372579667028, 0.8379964265696331, 0.841826931105213, 0.7863282775307509, 1.000000000000001, 0.8768907198771362], [0.5449576491420489, 0.5613546363322021, 0.5375690561869945, 0.526419165679228, 0.6287986614438129, 0.43244811700353836, 0.48343474995557806, 0.7270688987771875, 0.7286821972517133, 0.7202121746031103, 0.7545975872957761, 0.6468503334785938, 0.6967994048693057, 0.7101362359984895, 0.27016134686396814, 0.8910762754347448, 0.89451136463977, 0.9075716628985736, 0.8329386204078694, 0.8861294082081198, 0.661142041897308, 0.8768907198771362, 1.0000000000000007]]], ["dlib x ArcFace", ["Anthar1_Ideal_1.png", "Anthar2_Ideal_2.png", "Anthar3_Ideal_3.png", "Anthar4_Mid_1.png", "Anthar5_Mid_2.png", "Anthar7_right_1.png", "Anthar8_low_1.png", "Dani1_Ideal_1.png", "Dani2_Ideal_2.png", "Dani3_Ideal_3.png", "Dani4_Mid_1.png", "Dani5_Mid_2.png", "Dani6_left_1.png", "Dani7_right_1.png", "Dani8_low_1.png", "Gofur1_Ideal_1.png", "Gofur2_Ideal_2.png", "Gofur3_Ideal_3.png", "Gofur4_Mid_1.png", "Gofur5_Mid_2.png", "Gofur6_left_1.png", "Gofur7_right_1.png", "Gofur9_hi_1.png"], [[1.0000000000000009, 0.623209491480163, 0.48096664668199945, 0.6959040960914887, 0.3036990619311748, 0.29809241688728744, 0.3577369375364163, 0.2961141227441468, 0.34502147472483585, 0.40142257220734173, 0.30906160554539047, 0.3330401362049055, 0.2571764513657963, 0.27271671848784607, 0.138550264183979, 0.27644109417358326, 0.25254314595495414, 0.30496062365033705, 0.2670475632325767, 0.2525571506453078, 0.20465217613466427, 0.12242426720965352, 0.32965638072246645], [0.623209491480163, 1.0000000000000009, 0.7425494815298849, 0.5546512900794048, 0.7196453700631786, 0.5549802752418558, 0.5817112461096459, 0.22487277798601502, 0.41528497428760497, 0.4449592717933784, 0.2552763976741489, 0.20011051795317247, 0.17315234377130426, 0.2572810687390718, 0.6282553087416015, 0.21503695632541825, 0.2255642461635622, 0.21537736358246123, 0.18282098663877208, 0.160716331815154, 0.3398289853975742, 0.3595067417088382, 0.3388649754960446], [0.48096664668199945, 0.7425494815298849, 1.0000000000000016, 0.46203602242083486, 0.8392258538289765, 0.5854523693084763, 0.6491398260580148, 0.1800031274486967, 0.2810528129151319, 0.28209692911346973, 0.16383352662946452, 0.19870649438536703, 0.1210757436794227, 0.2838312880267005, 0.7500919046343566, 0.16574234202030827, 0.14125844387388323, 0.13639819464891909, 0.15464499421630287, 0.1018993089013774, 0.307348336817714, 0.4376460781683566, 0.26130574084951147], [0.6959040960914887, 0.5546512900794048, 0.46203602242083486, 1.0000000000000002, 0.33064591742192173, 0.39137269461740254, 0.3704799761934336, 0.23034552729192523, 0.27093273394594186, 0.3595331181707273, 0.2496231767568069, 0.2824876099589564, 0.28530271093399107, 0.2932850736930963, 0.20439208089633057, 0.22714252196443507, 0.2748263335125679, 0.24616076065260187, 0.26846951348778236, 0.2630241058660929, 0.2435925628264372, 0.25022267636968804, 0.27073618716334963], [0.3036990619311748, 0.7196453700631786, 0.8392258538289765, 0.33064591742192173, 1.0000000000000016, 0.577712164193488, 0.6457450333452832, 0.12940363704714444, 0.2300320255321422, 0.23830847905935823, 0.13388899910147484, 0.14251843303231335, 0.0712043541839972, 0.19163029633043024, 0.9115351242094464, 0.14033427056199385, 0.12272398696935295, 0.12647047995428445, 0.13616274082636373, 0.07311362967480721, 0.3646775140951303, 0.43380675105748956, 0.2709942060195573], [0.29809241688728744, 0.5549802752418558, 0.5854523693084763, 0.39137269461740254, 0.577712164193488, 1.0000000000000007, 0.509828799086702, 0.0947195620120315, 0.20983351086057195, 0.25935283868548864, 0.14889584707677736, 0.08955191543575705, 0.2766390485360577, 0.409068058988473, 0.586219810459654, 0.20715539786255394, 0.23105558884788924, 0.15923826115215028, 0.20722811415486908, 0.2211150057701852, 0.39209406180910134, 0.5228514711965755, 0.34244944324703513], [0.3577369375364163, 0.5817112461096459, 0.6491398260580148, 0.3704799761934336, 0.6457450333452832, 0.509828799086702, 1.0000000000000009, 0.1790508220480867, 0.2973523736246255, 0.31450181516194886, 0.21066617928918654, 0.09062833531031865, 0.10857167715711452, 0.23785358360947467, 0.5323772644802456, 0.2211135576291422, 0.2242228857794441, 0.14335506524486727, 0.11929774714754975, 0.08337382229432592, 0.3346468005349276, 0.3162198585545165, 0.3132388172055614], [0.2961141227441468, 0.22487277798601502, 0.1800031274486967, 0.23034552729192523, 0.12940363704714444, 0.0947195620120315, 0.1790508220480867, 1.0000000000000004, 0.6870176685610279, 0.692814593016215, 0.7868968600288561, 0.729775280622821, 0.5955986022630416, 0.35234584206783603, 0.030737169089167283, 0.5055170496208101, 0.5329347247792015, 0.5293320126218208, 0.5285919339367324, 0.5072527154894004, 0.3455299924368791, 0.2659715027206725, 0.5339858129806547], [0.34502147472483585, 0.41528497428760497, 0.2810528129151319, 0.27093273394594186, 0.2300320255321422, 0.20983351086057195, 0.2973523736246255, 0.6870176685610279, 1.000000000000001, 0.840802183932773, 0.6569215015246743, 0.5805158171073821, 0.40580366887385344, 0.37203065100867977, 0.16142486904186246, 0.2897298224060114, 0.39616976033745055, 0.30364590629521393, 0.3008663994700228, 0.3280343981309131, 0.3625049461043241, 0.3013023075766315, 0.4543652350308133], [0.40142257220734173, 0.4449592717933784, 0.28209692911346973, 0.3595331181707273, 0.23830847905935823, 0.25935283868548864, 0.31450181516194886, 0.692814593016215, 0.840802183932773, 1.0000000000000009, 0.6437337303819204, 0.5232968000387602, 0.48583965158643294, 0.42191443167029685, 0.17452439322230254, 0.30909304241903623, 0.42383134364268044, 0.34232923132536497, 0.35139040459562504, 0.3389578802197435, 0.39783876230599435, 0.305246089213991, 0.415546112214868], [0.30906160554539047, 0.2552763976741489, 0.16383352662946452, 0.2496231767568069, 0.13388899910147484, 0.14889584707677736, 0.21066617928918654, 0.7868968600288561, 0.6569215015246743, 0.6437337303819204, 1.0000000000000004, 0.635357629216377, 0.6201851617329845, 0.376758142018069, 0.06212723000764077, 0.5046570461236796, 0.5337150332125788, 0.551555629785818, 0.46927745653617764, 0.5218256261867756, 0.2762948451089199, 0.29582690109635146, 0.5781309382841981], [0.3330401362049055, 0.20011051795317247, 0.19870649438536703, 0.2824876099589564, 0.14251843303231335, 0.08955191543575705, 0.09062833531031865, 0.729775280622821, 0.5805158171073821, 0.5232968000387602, 0.635357629216377, 1.0000000000000013, 0.5272535228205408, 0.3956813314394628, 0.035493093651186323, 0.43244751328817493, 0.46051816881912444, 0.46198341060206977, 0.4004443267062593, 0.4424014623974615, 0.2914774450562872, 0.3146617614114867, 0.497644118152467], [0.2571764513657963, 0.17315234377130426, 0.1210757436794227, 0.28530271093399107, 0.0712043541839972, 0.2766390485360577, 0.10857167715711452, 0.5955986022630416, 0.40580366887385344, 0.48583965158643294, 0.6201851617329845, 0.5272535228205408, 1.0000000000000009, 0.5679339646311674, 0.042009113057516805, 0.48267910215658144, 0.555764415094779,