{"Pearson": [["dlib x VGG-Face", ["Anthar1_Ideal_1.png", "Anthar2_Ideal_2.png", "Anthar3_Ideal_3.png", "Anthar4_Mid_1.png", "Anthar5_Mid_2.png", "Anthar7_right_1.png", "Anthar8_low_1.png", "Dani1_Ideal_1.png", "Dani2_Ideal_2.png", "Dani3_Ideal_3.png", "Dani4_Mid_1.png", "Dani5_Mid_2.png", "Dani6_left_1.png", "Dani7_right_1.png", "Dani8_low_1.png", "Gofur1_Ideal_1.png", "Gofur2_Ideal_2.png", "Gofur3_Ideal_3.png", "Gofur4_Mid_1.png", "Gofur5_Mid_2.png", "Gofur6_left_1.png", "Gofur7_right_1.png", "Gofur9_hi_1.png"], [[1.0, 0.7052051272501279, 0.4816354428543642, 0.5900017998277849, 0.44361403459683046, 0.4780881999034551, 0.2776641499447391, 0.2825714441149395, 0.39399107760411023, 0.4876349546567471, 0.3218794503737982, 0.2946487792857395, 0.27461163602043076, 0.4848159517274735, 0.2589546802905191, 0.3423949759678543, 0.453590882631583, 0.32573363429726077, 0.338580196635565, 0.3710452586894571, 0.3240068121763541, 0.33271500407128607, 0.5002713309291791], [0.7052051272501279, 1.0, 0.5501499215113576, 0.583519599224898, 0.46561270348365014, 0.477147425367369, 0.2931342444303438, 0.23362774062726807, 0.3564946958643871, 0.4436186924426043, 0.2425147210392745, 0.2692936461708585, 0.24245317955406592, 0.35779984286060496, 0.3247544614354979, 0.3378897617034386, 0.4256807798270509, 0.2960420151136249, 0.3157066185837009, 0.3179778364230118, 0.3877260487515465, 0.2951464702638832, 0.39133155747399695], [0.4816354428543642, 0.5501499215113576, 1.0, 0.6738272094407629, 0.6597479720210151, 0.4463829232892199, 0.5363646968011665, 0.10464047349552363, 0.19110494560546637, 0.30031681928455756, 0.1500187349297743, 0.25120034840833527, 0.23017276298472417, 0.2631611972687027, 0.39360436581536024, 0.23975986500096702, 0.3088709220573259, 0.23224852800634652, 0.3252053013632713, 0.31272213795532633, 0.4393612426656849, 0.33168256385722883, 0.20212052756888071], [0.5900017998277849, 0.583519599224898, 0.6738272094407629, 1.0, 0.49767279156140354, 0.420416059169923, 0.4779409780670062, 0.21589957127623766, 0.32639798746417564, 0.3968017526990507, 0.2625128959431077, 0.2914190186941506, 0.23678875358433565, 0.2857227561845816, 0.2786854936238227, 0.28226723802485243, 0.3431403325816066, 0.2586704863300944, 0.33913372879105763, 0.34797670187465646, 0.3585218490039825, 0.33130686939066234, 0.2946098774977455], [0.44361403459683046, 0.46561270348365014, 0.6597479720210151, 0.49767279156140354, 1.0, 0.40560512372742735, 0.41631878091795316, 0.1239501990242925, 0.17011050941790617, 0.27506664599154973, 0.25139858910252966, 0.2396259654777029, 0.2587418300288056, 0.3654993499500635, 0.299785826616222, 0.34863271128098694, 0.3738510411394417, 0.3558146763754314, 0.34154219894605664, 0.33208716019659457, 0.41714222880122215, 0.3052236983376292, 0.22344150226006393], [0.4780881999034551, 0.477147425367369, 0.4463829232892199, 0.420416059169923, 0.40560512372742735, 1.0, 0.3061103344206316, 0.24656541095801748, 0.4087883441692759, 0.4024825904056353, 0.2018135707429747, 0.20548373123917524, 0.33789345561273826, 0.41935242016043206, 0.38438006561671184, 0.2766035637747616, 0.33203563297572447, 0.23023646582652138, 0.28145605275941454, 0.26088755250228235, 0.3520699551844803, 0.35422997669524114, 0.2851659265598312], [0.2776641499447391, 0.2931342444303438, 0.5363646968011665, 0.4779409780670062, 0.41631878091795316, 0.3061103344206316, 1.0, 0.07895988821825961, 0.17143010348149795, 0.18663997345367345, 0.1134427846064734, 0.1334944289601636, 0.10002227458386041, 0.14795483933782805, 0.40855821233207384, 0.17550302197755896, 0.20561655983091515, 0.13498308173051773, 0.194611839834341, 0.1885377977447101, 0.2964409077238213, 0.2808917508895691, 0.15688820812143328], [0.2825714441149395, 0.23362774062726807, 0.10464047349552363, 0.21589957127623766, 0.1239501990242925, 0.24656541095801748, 0.07895988821825961, 1.0, 0.7222707825637597, 0.7457066772511575, 0.5617568838498621, 0.5670979938304155, 0.4145836920412589, 0.3567433779721031, 0.0956104397914067, 0.4760066996115715, 0.44647657742815167, 0.4353001857531078, 0.3916928656036427, 0.4381722151014106, 0.2080107621419685, 0.23891908237263393, 0.3633877524235031], [0.39399107760411023, 0.3564946958643871, 0.19110494560546637, 0.32639798746417564, 0.17011050941790617, 0.4087883441692759, 0.17143010348149795, 0.7222707825637597, 1.0, 0.8118965223351027, 0.4493823360948165, 0.39278469444327335, 0.4068636079431897, 0.3846956415657711, 0.211281066631318, 0.3945473062389179, 0.3978792921081883, 0.34352228546789554, 0.35723692657143136, 0.3744404910909829, 0.21784326898822118, 0.21267273566737702, 0.3287056421343831], [0.4876349546567471, 0.4436186924426043, 0.30031681928455756, 0.3968017526990507, 0.27506664599154973, 0.4024825904056353, 0.18663997345367345, 0.7457066772511575, 0.8118965223351027, 1.0, 0.5332489054267595, 0.5016982202119695, 0.4980137940308289, 0.5018598074647969, 0.2111228786077076, 0.476149060858454, 0.548828776852132, 0.44207464173762934, 0.45711880839398744, 0.46024146995532367, 0.38384075097830733, 0.35052743665647446, 0.38732868354907884], [0.3218794503737982, 0.2425147210392745, 0.1500187349297743, 0.2625128959431077, 0.25139858910252966, 0.2018135707429747, 0.1134427846064734, 0.5617568838498621, 0.4493823360948165, 0.5332489054267595, 1.0, 0.4647944225110739, 0.4448983868798846, 0.4918105178398923, 0.09816351003746118, 0.4631638729535668, 0.46621306947026897, 0.4572553619339793, 0.333268826960969, 0.39741778510276926, 0.32898158470346595, 0.3640332946339123, 0.34933645866655527], [0.2946487792857395, 0.2692936461708585, 0.25120034840833527, 0.2914190186941506, 0.2396259654777029, 0.20548373123917524, 0.1334944289601636, 0.5670979938304155, 0.39278469444327335, 0.5016982202119695, 0.4647944225110739, 1.0, 0.269265667052352, 0.296185752296958, 0.12067949612577095, 0.3589572962247325, 0.3764524039989745, 0.37852762103404775, 0.33365186198325236, 0.39932335878929, 0.3633741080053243, 0.3560198383352979, 0.3001755890184027], [0.27461163602043076, 0.24245317955406592, 0.23017276298472417, 0.23678875358433565, 0.2587418300288056, 0.33789345561273826, 0.10002227458386041, 0.4145836920412589, 0.4068636079431897, 0.4980137940308289, 0.4448983868798846, 0.269265667052352, 1.0, 0.5373069974306222, 0.17314592638151027, 0.41704682523697395, 0.46501360205120557, 0.452704264430969, 0.3578689331181032, 0.4069618587658589, 0.35257890488219124, 0.41552713466477975, 0.26654763369942447], [0.4848159517274735, 0.35779984286060496, 0.2631611972687027, 0.2857227561845816, 0.3654993499500635, 0.41935242016043206, 0.14795483933782805, 0.3567433779721031, 0.3846956415657711, 0.5018598074647969, 0.4918105178398923, 0.296185752296958, 0.5373069974306222, 1.0, 0.18934839656170982, 0.5150314895306505, 0.6424918618937532, 0.5172222675429884, 0.5198396604346647, 0.5257877964716171, 0.3279168784403485, 0.5057506874976896, 0.47027986706737757], [0.2589546802905191, 0.3247544614354979, 0.39360436581536024, 0.2786854936238227, 0.299785826616222, 0.38438006561671184, 0.40855821233207384, 0.0956104397914067, 0.211281066631318, 0.2111228786077076, 0.09816351003746118, 0.12067949612577095, 0.17314592638151027, 0.18934839656170982, 1.0, 0.18446308491704977, 0.1962517340513258, 0.14507671020352816, 0.16051949241817215, 0.20970496009661893, 0.29598159551347647, 0.24248523843643188, 0.1718991547731233], [0.3423949759678543, 0.3378897617034386, 0.23975986500096702, 0.28226723802485243, 0.34863271128098694, 0.2766035637747616, 0.17550302197755896, 0.4760066996115715, 0.3945473062389179, 0.476149060858454, 0.4631638729535668, 0.3589572962247325, 0.41704682523697395, 0.5150314895306505, 0.18446308491704977, 1.0, 0.8129345816065943, 0.8647112240444612, 0.7339015632486134, 0.7730488485403966, 0.4316895152333659, 0.5461246776795174, 0.5899790222902688], [0.453590882631583, 0.4256807798270509, 0.3088709220573259, 0.3431403325816066, 0.3738510411394417, 0.33203563297572447, 0.20561655983091515, 0.44647657742815167, 0.3978792921081883, 0.548828776852132, 0.46621306947026897, 0.3764524039989745, 0.46501360205120557, 0.6424918618937532, 0.1962517340513258, 0.8129345816065943, 1.0, 0.7973776204984646, 0.732149048454235, 0.7464389457355984, 0.4677577116679515, 0.6187540350066117, 0.6409458420477179], [0.32573363429726077, 0.2960420151136249, 0.23224852800634652, 0.2586704863300944, 0.3558146763754314, 0.23023646582652138, 0.13498308173051773, 0.4353001857531078, 0.34352228546789554, 0.44207464173762934, 0.4572553619339793, 0.37852762103404775, 0.452704264430969, 0.5172222675429884, 0.14507671020352816, 0.8647112240444612, 0.7973776204984646, 1.0, 0.8091121383081985, 0.8511768619483868, 0.41334249246495164, 0.5890647529574146, 0.5362679271577062], [0.338580196635565, 0.3157066185837009, 0.3252053013632713, 0.33913372879105763, 0.34154219894605664, 0.28145605275941454, 0.194611839834341, 0.3916928656036427, 0.35723692657143136, 0.45711880839398744, 0.333268826960969, 0.33365186198325236, 0.3578689331181032, 0.5198396604346647, 0.16051949241817215, 0.7339015632486134, 0.732149048454235, 0.8091121383081985, 1.0, 0.8202247826814755, 0.42908564947047845, 0.5539023614079195, 0.5134069697335301], [0.3710452586894571, 0.3179778364230118, 0.31272213795532633, 0.34797670187465646, 0.33208716019659457, 0.26088755250228235, 0.1885377977447101, 0.4381722151014106, 0.3744404910909829, 0.46024146995532367, 0.39741778510276926, 0.39932335878929, 0.4069618587658589, 0.5257877964716171, 0.20970496009661893, 0.7730488485403966, 0.7464389457355984, 0.8511768619483868, 0.8202247826814755, 1.0, 0.3866376702265702, 0.582886305997796, 0.5749418531734862], [0.3240068121763541, 0.3877260487515465, 0.4393612426656849, 0.3585218490039825, 0.41714222880122215, 0.3520699551844803, 0.2964409077238213, 0.2080107621419685, 0.21784326898822118, 0.38384075097830733, 0.32898158470346595, 0.3633741080053243, 0.35257890488219124, 0.3279168784403485, 0.29598159551347647, 0.4316895152333659, 0.4677577116679515, 0.41334249246495164, 0.42908564947047845, 0.3866376702265702, 1.0, 0.5847733733844254, 0.30807074905802545], [0.33271500407128607, 0.2951464702638832, 0.33168256385722883, 0.33130686939066234, 0.3052236983376292, 0.35422997669524114, 0.2808917508895691, 0.23891908237263393, 0.21267273566737702, 0.35052743665647446, 0.3640332946339123, 0.3560198383352979, 0.41552713466477975, 0.5057506874976896, 0.24248523843643188, 0.5461246776795174, 0.6187540350066117, 0.5890647529574146, 0.5539023614079195, 0.582886305997796, 0.5847733733844254, 1.0, 0.43534632355314223], [0.5002713309291791, 0.39133155747399695, 0.20212052756888071, 0.2946098774977455, 0.22344150226006393, 0.2851659265598312, 0.15688820812143328, 0.3633877524235031, 0.3287056421343831, 0.38732868354907884, 0.34933645866655527, 0.3001755890184027, 0.26654763369942447, 0.47027986706737757, 0.1718991547731233, 0.5899790222902688, 0.6409458420477179, 0.5362679271577062, 0.5134069697335301, 0.5749418531734862, 0.30807074905802545, 0.43534632355314223, 1.0]]], ["dlib x Facenet", ["Anthar1_Ideal_1.png", "Anthar2_Ideal_2.png", "Anthar3_Ideal_3.png", "Anthar4_Mid_1.png", "Anthar5_Mid_2.png", "Anthar7_right_1.png", "Anthar8_low_1.png", "Dani1_Ideal_1.png", "Dani2_Ideal_2.png", "Dani3_Ideal_3.png", "Dani4_Mid_1.png", "Dani5_Mid_2.png", "Dani6_left_1.png", "Dani7_right_1.png", "Dani8_low_1.png", "Gofur1_Ideal_1.png", "Gofur2_Ideal_2.png", "Gofur3_Ideal_3.png", "Gofur4_Mid_1.png", "Gofur5_Mid_2.png", "Gofur6_left_1.png", "Gofur7_right_1.png", "Gofur9_hi_1.png"], [[1.0, 0.897846574576336, 0.7960924858762892, 0.7143426357420117, 0.7665065069165682, 0.4666760381379942, 0.4516503865237927, 0.4266669296129474, 0.6366553938112054, 0.6746834986953689, 0.5420182606345083, 0.40862147709861285, 0.5665647269606141, 0.3812413876776022, 0.7240331686550874, 0.61179755477818, 0.6117404148023207, 0.5877895822192742, 0.6050463921398407, 0.8076532801047982, 0.4933496306411539, 0.6493341740762832, 0.8585987634831294], [0.897846574576336, 1.0, 0.7541656207543868, 0.6470143855062997, 0.7448934080208148, 0.46550481727271065, 0.3950669344729022, 0.30568148915203464, 0.748155283673815, 0.5975885890679438, 0.4145242188869833, 0.3688017096546866, 0.4419859715161636, 0.2834605992760979, 0.743833868939775, 0.5459894093224792, 0.5432540476310322, 0.5590306506312384, 0.5435703839399527, 0.6908443441093812, 0.39250301306308705, 0.5995348366539077, 0.9077500071259513], [0.7960924858762892, 0.7541656207543868, 1.0, 0.5175047461204445, 0.8856919140837245, 0.32896763684902697, 0.5502103176471328, 0.37429846717993803, 0.5193209312976654, 0.5837116548870431, 0.4676219860675259, 0.2876843340054738, 0.440737139629792, 0.2442702006276099, 0.6259395474366619, 0.5337009365409615, 0.5151504731476793, 0.4807399655618333, 0.5572938605592833, 0.602933682856112, 0.4202438705318867, 0.48664282828767846, 0.6909061017151172], [0.7143426357420117, 0.6470143855062997, 0.5175047461204445, 1.0, 0.5498417660930228, 0.6675281754165518, 0.3612221978936815, 0.4950156915436733, 0.5576857068520418, 0.7192581654010258, 0.5010133069464716, 0.48920020018135835, 0.5893767756821688, 0.504081994557317, 0.478097680903366, 0.6087650957208296, 0.6350426308958275, 0.6121087365648649, 0.6266833187866354, 0.7818125671739109, 0.4597357257707261, 0.6311064149653939, 0.6163568967748937], [0.7665065069165682, 0.7448934080208148, 0.8856919140837245, 0.5498417660930228, 1.0, 0.339763192060338, 0.5421124200793397, 0.46225584054573277, 0.5722208628591063, 0.7090582204553189, 0.6399155994309216, 0.3903331514695011, 0.5426071983446612, 0.27532544727056985, 0.5436855769200258, 0.7071403855021464, 0.6848544292461215, 0.6532477538011853, 0.6964647746143563, 0.660614748902656, 0.5316486256089373, 0.6403356998781777, 0.724934170506284], [0.4666760381379942, 0.46550481727271065, 0.32896763684902697, 0.6675281754165518, 0.339763192060338, 1.0, 0.33964779610912327, 0.39648617189451296, 0.5769284541101417, 0.4645628836471306, 0.24901272323453308, 0.43990741197692623, 0.43954442790014514, 0.5971361626596534, 0.43228908363289825, 0.4016389892739236, 0.3295229406947427, 0.2956002941718162, 0.4835289162496843, 0.514838937193114, 0.26041055133230484, 0.3496245383458395, 0.535973691805617], [0.4516503865237927, 0.3950669344729022, 0.5502103176471328, 0.3612221978936815, 0.5421124200793397, 0.33964779610912327, 1.0, 0.1989093748908614, 0.3960582989266721, 0.3582577890362793, 0.24722211684913972, 0.1324157902540491, 0.19890539055667958, 0.041679215127508384, 0.4903515626910582, 0.28825649999054453, 0.2526163684648034, 0.21408627153152393, 0.3861580854282166, 0.3003010645629902, 0.23561346382356685, 0.3181658299803557, 0.4807446325991625], [0.4266669296129474, 0.30568148915203464, 0.37429846717993803, 0.4950156915436733, 0.46225584054573277, 0.39648617189451296, 0.1989093748908614, 1.0, 0.3324971471676258, 0.6429357166747318, 0.8031213166925264, 0.6488346906331965, 0.6928561734852774, 0.7161970438653331, 0.2545531006913851, 0.4728735128466714, 0.5720137963007446, 0.3903561171042603, 0.4879241696820007, 0.46519662341748036, 0.47051370730920883, 0.38315020181700987, 0.395213221797838], [0.6366553938112054, 0.748155283673815, 0.5193209312976654, 0.5576857068520418, 0.5722208628591063, 0.5769284541101417, 0.3960582989266721, 0.3324971471676258, 1.0, 0.6250365109204077, 0.4008697207619389, 0.2622594364535801, 0.40261975000602407, 0.3206201181772357, 0.5814760835156259, 0.4018585914906653, 0.38674493888068484, 0.39071220841661397, 0.3647493389288221, 0.48282944788311055, 0.3236710696241724, 0.42358093190421714, 0.7962905618274185], [0.6746834986953689, 0.5975885890679438, 0.5837116548870431, 0.7192581654010258, 0.7090582204553189, 0.4645628836471306, 0.3582577890362793, 0.6429357166747318, 0.6250365109204077, 1.0, 0.8007092062580772, 0.4732777268903864, 0.7330406984413738, 0.47924443414529133, 0.45315042634704605, 0.7329469750051438, 0.805642812204409, 0.707759678598725, 0.6548206449887823, 0.7476719542479574, 0.6667400602376905, 0.6502393591059863, 0.6518931535516586], [0.5420182606345083, 0.4145242188869833, 0.4676219860675259, 0.5010133069464716, 0.6399155994309216, 0.24901272323453308, 0.24722211684913972, 0.8031213166925264, 0.4008697207619389, 0.8007092062580772, 1.0, 0.4700430404553142, 0.7517337923471059, 0.529070871521002, 0.3050804930755936, 0.6580454034906409, 0.7220588154459238, 0.5862072853874707, 0.5967956693673048, 0.6187739510242574, 0.5559356050263808, 0.53300927738063, 0.5118202636824315], [0.40862147709861285, 0.3688017096546866, 0.2876843340054738, 0.48920020018135835, 0.3903331514695011, 0.43990741197692623, 0.1324157902540491, 0.6488346906331965, 0.2622594364535801, 0.4732777268903864, 0.4700430404553142, 1.0, 0.42955808690246305, 0.559785447715716, 0.26990469210398427, 0.4314682970930736, 0.5323820107802941, 0.4392720319477052, 0.37783212100041397, 0.34627076032092113, 0.38573356633894035, 0.5628401834727745, 0.3598359126192342], [0.5665647269606141, 0.4419859715161636, 0.440737139629792, 0.5893767756821688, 0.5426071983446612, 0.43954442790014514, 0.19890539055667958, 0.6928561734852774, 0.40261975000602407, 0.7330406984413738, 0.7517337923471059, 0.42955808690246305, 1.0, 0.6412059587598385, 0.3114744674865838, 0.671387616427255, 0.7494953804410305, 0.6307354425251519, 0.6191335866244031, 0.7185396329360063, 0.7485128307048081, 0.6176172687527555, 0.5412034136721603], [0.3812413876776022, 0.2834605992760979, 0.2442702006276099, 0.504081994557317, 0.27532544727056985, 0.5971361626596534, 0.041679215127508384, 0.7161970438653331, 0.3206201181772357, 0.47924443414529133, 0.529070871521002, 0.559785447715716, 0.6412059587598385, 1.0, 0.17350547357968849, 0.35136853687002145, 0.4104210514733057, 0.28495749191010755, 0.4284999358628422, 0.5215025365752222, 0.3754163268225724, 0.33845024408392904, 0.35942092976876583], [0.7240331686550874, 0.743833868939775, 0.6259395474366619, 0.478097680903366, 0.5436855769200258, 0.43228908363289825, 0.4903515626910582, 0.2545531006913851, 0.5814760835156259, 0.45315042634704605, 0.3050804930755936, 0.26990469210398427, 0.3114744674865838, 0.17350547357968849, 1.0, 0.2741350827546375, 0.28652442255949956, 0.24729057963943696, 0.2951027777169621, 0.4235683371501556, 0.31587679980381717, 0.3215068800645761, 0.7790080237561083], [0.61179755477818, 0.5459894093224792, 0.5337009365409615, 0.6087650957208296, 0.7071403855021464, 0.4016389892739236, 0.28825649999054453, 0.4728735128466714, 0.4018585914906653, 0.7329469750051438, 0.6580454034906409, 0.4314682970930736, 0.671387616427255, 0.35136853687002145, 0.2741350827546375, 1.0, 0.9290821999006544, 0.9433629434274097, 0.8803914698729907, 0.7936566606333259, 0.6462801598332799, 0.7955501896793993, 0.5225327103094364], [0.6117404148023207, 0.5432540476310322, 0.5151504731476793, 0.6350426308958275, 0.6848544292461215, 0.3295229406947427, 0.2526163684648034, 0.5720137963007446, 0.38674493888068484, 0.805642812204409, 0.7220588154459238, 0.5323820107802941, 0.7494953804410305, 0.4104210514733057, 0.28652442255949956, 0.9290821999006544, 1.0, 0.9240794856689932, 0.8095492113244598, 0.7852118904281123, 0.7253155482066382, 0.8374664316020157, 0.527319752327787], [0.5877895822192742, 0.5590306506312384, 0.4807399655618333, 0.6121087365648649, 0.6532477538011853, 0.2956002941718162, 0.21408627153152393, 0.3903561171042603, 0.39071220841661397, 0.707759678598725, 0.5862072853874707, 0.4392720319477052, 0.6307354425251519, 0.28495749191010755, 0.24729057963943696, 0.9433629434274097, 0.9240794856689932, 1.0, 0.8213285555771761, 0.7554314900115513, 0.6355832864561333, 0.8096283969272425, 0.49196441773822386], [0.6050463921398407, 0.5435703839399527, 0.5572938605592833, 0.6266833187866354, 0.6964647746143563, 0.4835289162496843, 0.3861580854282166, 0.4879241696820007, 0.3647493389288221, 0.6548206449887823, 0.5967956693673048, 0.37783212100041397, 0.6191335866244031, 0.4284999358628422, 0.2951027777169621, 0.8803914698729907, 0.8095492113244598, 0.8213285555771761, 1.0, 0.8085082808932553, 0.594695661283621, 0.6525968152313604, 0.5029838490472986], [0.8076532801047982, 0.6908443441093812, 0.602933682856112, 0.7818125671739109, 0.660614748902656, 0.514838937193114, 0.3003010645629902, 0.46519662341748036, 0.48282944788311055, 0.7476719542479574, 0.6187739510242574, 0.34627076032092113, 0.7185396329360063, 0.5215025365752222, 0.4235683371501556, 0.7936566606333259, 0.7852118904281123, 0.7554314900115513, 0.8085082808932553, 1.0, 0.5836755987344635, 0.6836791048692196, 0.6884376899412463], [0.4933496306411539, 0.39250301306308705, 0.4202438705318867, 0.4597357257707261, 0.5316486256089373, 0.26041055133230484, 0.23561346382356685, 0.47051370730920883, 0.3236710696241724, 0.6667400602376905, 0.5559356050263808, 0.38573356633894035, 0.7485128307048081, 0.3754163268225724, 0.31587679980381717, 0.6462801598332799, 0.7253155482066382, 0.6355832864561333, 0.594695661283621, 0.5836755987344635, 1.0, 0.6430019805598677, 0.43166408810584705], [0.6493341740762832, 0.5995348366539077, 0.48664282828767846, 0.6311064149653939, 0.6403356998781777, 0.3496245383458395, 0.3181658299803557, 0.38315020181700987, 0.42358093190421714, 0.6502393591059863, 0.53300927738063, 0.5628401834727745, 0.6176172687527555, 0.33845024408392904, 0.3215068800645761, 0.7955501896793993, 0.8374664316020157, 0.8096283969272425, 0.6525968152313604, 0.6836791048692196, 0.6430019805598677, 1.0, 0.5969367836566386], [0.8585987634831294, 0.9077500071259513, 0.6909061017151172, 0.6163568967748937, 0.724934170506284, 0.535973691805617, 0.4807446325991625, 0.395213221797838, 0.7962905618274185, 0.6518931535516586, 0.5118202636824315, 0.3598359126192342, 0.5412034136721603, 0.35942092976876583, 0.7790080237561083, 0.5225327103094364, 0.527319752327787, 0.49196441773822386, 0.5029838490472986, 0.6884376899412463, 0.43166408810584705, 0.5969367836566386, 1.0]]], ["dlib x Facenet512", ["Anthar1_Ideal_1.png", "Anthar2_Ideal_2.png", "Anthar3_Ideal_3.png", "Anthar4_Mid_1.png", "Anthar5_Mid_2.png", "Anthar7_right_1.png", "Anthar8_low_1.png", "Dani1_Ideal_1.png", "Dani2_Ideal_2.png", "Dani3_Ideal_3.png", "Dani4_Mid_1.png", "Dani5_Mid_2.png", "Dani6_left_1.png", "Dani7_right_1.png", "Dani8_low_1.png", "Gofur1_Ideal_1.png", "Gofur2_Ideal_2.png", "Gofur3_Ideal_3.png", "Gofur4_Mid_1.png", "Gofur5_Mid_2.png", "Gofur6_left_1.png", "Gofur7_right_1.png", "Gofur9_hi_1.png"], [[1.0, 0.8353894644290925, 0.6880315032973026, 0.8170399888833955, 0.5940621447374591, 0.5877822215605686, 0.6172246053236484, 0.6944675417928792, 0.6678454929542736, 0.7450629351927822, 0.7475692085325503, 0.7359752803633837, 0.6157228519873359, 0.774919955551042, 0.21682754191467493, 0.4636204990266401, 0.514800953998872, 0.4927900039375608, 0.43049285323123254, 0.5211691312661826, 0.3507603871316769, 0.5305010678780655, 0.5445494380085758], [0.8353894644290925, 1.0, 0.7151283760867289, 0.7439311134019548, 0.5995694165019285, 0.5458643892757754, 0.566939045757437, 0.6171625471763896, 0.6307749965585961, 0.6611991712964879, 0.7292468933428695, 0.6981960779065624, 0.6149027444371102, 0.6675773713631488, 0.12792902811731227, 0.5272668533910759, 0.5664628712410018, 0.5269993835906646, 0.49240514792897394, 0.5096336856140284, 0.43737702272128587, 0.6384012709645022, 0.5614113762386839], [0.6880315032973026, 0.7151283760867289, 1.0, 0.8052981302274937, 0.7642011060807403, 0.4100720037900274, 0.6621457020255028, 0.49386827509226927, 0.549679791872532, 0.5044421916257046, 0.6380492659303258, 0.6873731966209002, 0.4369701861599431, 0.6135822828179682, 0.22056675194160863, 0.534786718454197, 0.5316594065673435, 0.5262251044681694, 0.5312651547659122, 0.441519121842011, 0.5509220207513525, 0.6441505957412342, 0.5378671045571506], [0.8170399888833955, 0.7439311134019548, 0.8052981302274937, 1.0, 0.6937170017991877, 0.38236655603858155, 0.6172031930555526, 0.6351763273951465, 0.6098008153051445, 0.6160756368727701, 0.6851013882814143, 0.7980643441164206, 0.5671959106392684, 0.7619403255508508, 0.06799186603304583, 0.5153612492917166, 0.5176638519817224, 0.5388090351041821, 0.4979399941390167, 0.49800157833590986, 0.3893672737506597, 0.5824439826554011, 0.5269530741832561], [0.5940621447374591, 0.5995694165019285, 0.7642011060807403, 0.6937170017991877, 1.0, 0.41634160193907954, 0.5736796621947671, 0.5150287129119189, 0.49386616045524534, 0.5138460397516421, 0.7423460191373363, 0.6539068946752555, 0.6516630264056585, 0.5905047702581636, 0.23239252078100464, 0.5938770551945397, 0.5518268047711149, 0.5797852549611946, 0.5246720634488281, 0.4550105586272017, 0.5633695875359448, 0.6732224402148429, 0.6286305198614828], [0.5877822215605686, 0.5458643892757754, 0.4100720037900274, 0.38236655603858155, 0.41634160193907954, 1.0, 0.5284825704289383, 0.50829117770042, 0.47492569699095866, 0.5261986263600771, 0.4915554433583069, 0.45882556917304335, 0.5244475751840763, 0.454818901972503, 0.3989164706080696, 0.3905372449155123, 0.4094908052762703, 0.4217162744749873, 0.3850437615121039, 0.39515308088861956, 0.3592614868534374, 0.39935988258079413, 0.4322565490212773], [0.6172246053236484, 0.566939045757437, 0.6621457020255028, 0.6172031930555526, 0.5736796621947671, 0.5284825704289383, 1.0, 0.43948986517416044, 0.4636661587761981, 0.45552649029996406, 0.5328627026395113, 0.5570326916494145, 0.41476073255057877, 0.6348044130729539, 0.2682594238649612, 0.519256937811398, 0.49898532678145047, 0.4413393637523293, 0.44144251133172874, 0.3817545389772059, 0.48641078946774335, 0.5355764178053528, 0.48288809632750956], [0.6944675417928792, 0.6171625471763896, 0.49386827509226927, 0.6351763273951465, 0.5150287129119189, 0.50829117770042, 0.43948986517416044, 1.0, 0.9343525715967501, 0.9387331062108935, 0.8695468560109927, 0.8184596392608194, 0.7523254177248693, 0.8398845540767748, 0.08840757272008055, 0.7278164728018575, 0.7466664723485139, 0.7486449857634035, 0.7379257599554706, 0.8151259797664762, 0.4264440770311194, 0.70321166295441, 0.7268526626953452], [0.6678454929542736, 0.6307749965585961, 0.549679791872532, 0.6098008153051445, 0.49386616045524534, 0.47492569699095866, 0.4636661587761981, 0.9343525715967501, 1.0, 0.9193907681986151, 0.8188985120374492, 0.7885396223849868, 0.627660844064863, 0.7983018420402304, 0.13247661750178846, 0.7076571094960118, 0.7227213894440238, 0.7221344336238709, 0.7503073816267652, 0.8170246110502691, 0.4288004532429158, 0.697226830753509, 0.7285161963677902], [0.7450629351927822, 0.6611991712964879, 0.5044421916257046, 0.6160756368727701, 0.5138460397516421, 0.5261986263600771, 0.45552649029996406, 0.9387331062108935, 0.9193907681986151, 1.0, 0.871434303344086, 0.7905600588786639, 0.7313621533533855, 0.831300470079212, 0.2163498914168244, 0.7054026873534741, 0.7459735398040575, 0.7064042043656897, 0.6852832376584661, 0.8037124380411849, 0.4513953903876867, 0.7421410111263218, 0.720070859620977], [0.7475692085325503, 0.7292468933428695, 0.6380492659303258, 0.6851013882814143, 0.7423460191373363, 0.4915554433583069, 0.5328627026395113, 0.8695468560109927, 0.8188985120374492, 0.871434303344086, 1.0, 0.8437153502155132, 0.8266140055625029, 0.825844155092621, 0.21615731587007891, 0.7630127125353969, 0.7702972815843881, 0.7503969250104299, 0.6655730664435021, 0.7286159171722182, 0.49129739336410316, 0.7856060424465405, 0.754401284024861], [0.7359752803633837, 0.6981960779065624, 0.6873731966209002, 0.7980643441164206, 0.6539068946752555, 0.45882556917304335, 0.5570326916494145, 0.8184596392608194, 0.7885396223849868, 0.7905600588786639, 0.8437153502155132, 1.0, 0.7018378617265641, 0.8347003544091377, 0.20327158931694633, 0.6763132473795352, 0.7105648135896211, 0.7070168098526102, 0.6960143422657843, 0.7062384010066111, 0.4807232611009558, 0.7247854565749315, 0.6467825516750765], [0.6157228519873359, 0.6149027444371102, 0.4369701861599431, 0.5671959106392684, 0.6516630264056585, 0.5244475751840763, 0.41476073255057877, 0.7523254177248693, 0.627660844064863, 0.7313621533533855, 0.8266140055625029, 0.7018378617265641, 1.0, 0.735700182057736, 0.17034715377550697, 0.7343049730145542, 0.749470040824255, 0.724603500869026, 0.6184542049011186, 0.7005783866137647, 0.446207293598326, 0.7103987508276741, 0.696577342741461], [0.774919955551042, 0.6675773713631488, 0.6135822828179682, 0.7619403255508508, 0.5905047702581636, 0.454818901972503, 0.6348044130729539, 0.8398845540767748, 0.7983018420402304, 0.831300470079212, 0.825844155092621, 0.8347003544091377, 0.735700182057736, 1.0, 0.1373435727794055, 0.6822677460638263, 0.7226514802675505, 0.6867000603153085, 0.6295818036797516, 0.7239682338656246, 0.41229756080378294, 0.6924656427857622, 0.7099307792320619], [0.21682754191467493, 0.12792902811731227, 0.22056675194160863, 0.06799186603304583, 0.23239252078100464, 0.3989164706080696, 0.2682594238649612, 0.08840757272008055, 0.13247661750178846, 0.2163498914168244, 0.21615731587007891, 0.20327158931694633, 0.17034715377550697, 0.1373435727794055, 1.0, 0.22919157418372532, 0.27487545124289836, 0.21722488247359706, 0.15611642660295372, 0.18516381393595885, 0.26935699913515915, 0.2668886264286777, 0.2689796878609152], [0.4636204990266401, 0.5272668533910759, 0.534786718454197, 0.5153612492917166, 0.5938770551945397, 0.3905372449155123, 0.519256937811398, 0.7278164728018575, 0.7076571094960118, 0.7054026873534741, 0.7630127125353969, 0.6763132473795352, 0.7343049730145542, 0.6822677460638263, 0.22919157418372532, 1.0, 0.9745277732750718, 0.9662624036603431, 0.8956124544957307, 0.9150566577981702, 0.6961762148643627, 0.905120913107678, 0.8910856483362625], [0.514800953998872, 0.5664628712410018, 0.5316594065673435, 0.5176638519817224, 0.5518268047711149, 0.4094908052762703, 0.49898532678145047, 0.7466664723485139, 0.7227213894440238, 0.7459735398040575, 0.7702972815843881, 0.7105648135896211, 0.749470040824255, 0.7226514802675505, 0.27487545124289836, 0.9745277732750718, 1.0, 0.9523587993835863, 0.8979836496226894, 0.9361006230377593, 0.7248960074961344, 0.9152727449682443, 0.8945984545608223], [0.4927900039375608, 0.5269993835906646, 0.5262251044681694, 0.5388090351041821, 0.5797852549611946, 0.4217162744749873, 0.4413393637523293, 0.7486449857634035, 0.7221344336238709, 0.7064042043656897, 0.7503969250104299, 0.7070168098526102, 0.724603500869026, 0.6867000603153085, 0.21722488247359706, 0.9662624036603431, 0.9523587993835863, 1.0, 0.9261885934827178, 0.9304326237619225, 0.6299093702219525, 0.8751123695938465, 0.9075032232111354], [0.43049285323123254, 0.49240514792897394, 0.5312651547659122, 0.4979399941390167, 0.5246720634488281, 0.3850437615121039, 0.44144251133172874, 0.7379257599554706, 0.7503073816267652, 0.6852832376584661, 0.6655730664435021, 0.6960143422657843, 0.6184542049011186, 0.6295818036797516, 0.15611642660295372, 0.8956124544957307, 0.8979836496226894, 0.9261885934827178, 1.0, 0.9034114214486377, 0.6770638503759709, 0.8379982445899189, 0.8333655785394981], [0.5211691312661826, 0.5096336856140284, 0.441519121842011, 0.49800157833590986, 0.4550105586272017, 0.39515308088861956, 0.3817545389772059, 0.8151259797664762, 0.8170246110502691, 0.8037124380411849, 0.7286159171722182, 0.7062384010066111, 0.7005783866137647, 0.7239682338656246, 0.18516381393595885, 0.9150566577981702, 0.9361006230377593, 0.9304326237619225, 0.9034114214486377, 1.0, 0.6400036979262866, 0.8422099752454678, 0.8860904191149326], [0.3507603871316769, 0.43737702272128587, 0.5509220207513525, 0.3893672737506597, 0.5633695875359448, 0.3592614868534374, 0.48641078946774335, 0.4264440770311194, 0.4288004532429158, 0.4513953903876867, 0.49129739336410316, 0.4807232611009558, 0.446207293598326, 0.41229756080378294, 0.26935699913515915, 0.6961762148643627, 0.7248960074961344, 0.6299093702219525, 0.6770638503759709, 0.6400036979262866, 1.0, 0.7870711182062406, 0.6638919070644717], [0.5305010678780655, 0.6384012709645022, 0.6441505957412342, 0.5824439826554011, 0.6732224402148429, 0.39935988258079413, 0.5355764178053528, 0.70321166295441, 0.697226830753509, 0.7421410111263218, 0.7856060424465405, 0.7247854565749315, 0.7103987508276741, 0.6924656427857622, 0.2668886264286777, 0.905120913107678, 0.9152727449682443, 0.8751123695938465, 0.8379982445899189, 0.8422099752454678, 0.7870711182062406, 1.0, 0.8774839024468359], [0.5445494380085758, 0.5614113762386839, 0.5378671045571506, 0.5269530741832561, 0.6286305198614828, 0.4322565490212773, 0.48288809632750956, 0.7268526626953452, 0.7285161963677902, 0.720070859620977, 0.754401284024861, 0.6467825516750765, 0.696577342741461, 0.7099307792320619, 0.2689796878609152, 0.8910856483362625, 0.8945984545608223, 0.9075032232111354, 0.8333655785394981, 0.8860904191149326, 0.6638919070644717, 0.8774839024468359, 1.0]]], ["dlib x ArcFace", ["Anthar1_Ideal_1.png", "Anthar2_Ideal_2.png", "Anthar3_Ideal_3.png", "Anthar4_Mid_1.png", "Anthar5_Mid_2.png", "Anthar7_right_1.png", "Anthar8_low_1.png", "Dani1_Ideal_1.png", "Dani2_Ideal_2.png", "Dani3_Ideal_3.png", "Dani4_Mid_1.png", "Dani5_Mid_2.png", "Dani6_left_1.png", "Dani7_right_1.png", "Dani8_low_1.png", "Gofur1_Ideal_1.png", "Gofur2_Ideal_2.png", "Gofur3_Ideal_3.png", "Gofur4_Mid_1.png", "Gofur5_Mid_2.png", "Gofur6_left_1.png", "Gofur7_right_1.png", "Gofur9_hi_1.png"], [[1.0, 0.6238731744831263, 0.48313550122489585, 0.6968616120221616, 0.30539777689506337, 0.29845344542702235, 0.36036734205094234, 0.2954620016106968, 0.34405745392910514, 0.40036780445244474, 0.308171309910205, 0.3322816831650036, 0.25528670745295584, 0.272836781542248, 0.14093908033155927, 0.2759418475316914, 0.25113488762461744, 0.30353204350535484, 0.26558467579219003, 0.2510230921465846, 0.20658722239615354, 0.12415472900368009, 0.32847474696964896], [0.6238731744831263, 1.0, 0.7429032056234346, 0.5546307489569025, 0.7198914054355579, 0.5549709003543346, 0.5821842633834996, 0.22509710571616048, 0.41583954175560695, 0.4457569870991951, 0.25563087730261513, 0.20038484479404609, 0.17405736358637325, 0.25729687219527536, 0.6289118392714005, 0.21519870761327306, 0.2261577800491364, 0.21606174508645568, 0.1834133613419935, 0.16129989328979782, 0.3398989191282472, 0.3595794039501249, 0.3395322033915269], [0.48313550122489585, 0.7429032056234346, 1.0, 0.4619754329307465, 0.8390152740471609, 0.5857479461072483, 0.6484861140689906, 0.18119698328228956, 0.2830210890770033, 0.28451524447934484, 0.16540224775182322, 0.20015004916160478, 0.12439589878183467, 0.28412331889450565, 0.749650666074771, 0.16668267635476247, 0.14354943862966357, 0.13895749826091264, 0.15713336033959946, 0.10434345596125498, 0.3061914860774983, 0.4367429347325929, 0.26366922548525706], [0.6968616120221616, 0.5546307489569025, 0.4619754329307465, 1.0, 0.3304728396447404, 0.391355701893754, 0.37040768893774045, 0.23072477768065988, 0.2716050859393244, 0.3605153795796022, 0.25017782456298454, 0.2829861333502022, 0.28694296014761145, 0.2933261585558158, 0.2040906538877048, 0.2274288786984998, 0.2757827337416543, 0.24722551021002798, 0.2695088282016728, 0.26409840541676144, 0.2433460591981107, 0.2499840852877947, 0.2716032954758599], [0.30539777689506337, 0.7198914054355579, 0.8390152740471609, 0.3304728396447404, 1.0, 0.5779268989486259, 0.6452019079192122, 0.1304113809891457, 0.23171528066448088, 0.2403971605131071, 0.13524682036905689, 0.1437373938656249, 0.07401802129936051, 0.19181293673370775, 0.9115598199898891, 0.141141411696093, 0.1247359893606728, 0.12873889607273303, 0.1383510490446366, 0.07523456429188938, 0.3637438300781506, 0.4330059825959194, 0.2731264969807411], [0.29845344542702235, 0.5549709003543346, 0.5857479461072483, 0.391355701893754, 0.5779268989486259, 1.0, 0.5102933132162277, 0.09485310345938539, 0.21015423088066335, 0.25984576778731494, 0.1491229038174432, 0.08971714179126039, 0.2776953166393901, 0.4090797133571828, 0.5869045380891471, 0.2072781314999876, 0.2315634683728972, 0.15972722741967177, 0.2077583198518912, 0.22169336852145047, 0.39228546048250246, 0.5231335881524728, 0.34303294871804285], [0.36036734205094234, 0.5821842633834996, 0.6484861140689906, 0.37040768893774045, 0.6452019079192122, 0.5102933132162277, 1.0, 0.18064624690157327, 0.29997742140405886, 0.31772787444238026, 0.21282506812161245, 0.09235495619642735, 0.11279466280573602, 0.23826172910142326, 0.5310575607576251, 0.22246596288134474, 0.22741966868967783, 0.1466931401530605, 0.12242650877300022, 0.08649535887415773, 0.33320346618090796, 0.31479905559117316, 0.316442607844986], [0.2954620016106968, 0.22509710571616048, 0.18119698328228956, 0.23072477768065988, 0.1304113809891457, 0.09485310345938539, 0.18064624690157327, 1.0, 0.6867687374865523, 0.6926131245310403, 0.7867407169868802, 0.7295733502584044, 0.5955342022282812, 0.35241240946668817, 0.03221088827874023, 0.5052726593948775, 0.5324994400719325, 0.5289093652703403, 0.5281582400544256, 0.5067845239668802, 0.3470522558541389, 0.26733333674347426, 0.5335493728956093], [0.34405745392910514, 0.41583954175560695, 0.2830210890770033, 0.2716050859393244, 0.23171528066448088, 0.21015423088066335, 0.29997742140405886, 0.6867687374865523, 1.0, 0.8405334704245571, 0.6564646060999231, 0.5800318205945543, 0.4043175265169031, 0.37224344358483774, 0.16397918104584208, 0.28922613909101347, 0.39498350542929794, 0.302130059012384, 0.29939791993438203, 0.3265922004312045, 0.3648005053075544, 0.3034072371130388, 0.4533571350829376], [0.40036780445244474, 0.4457569870991951, 0.28451524447934484, 0.3605153795796022, 0.2403971605131071, 0.25984576778731494, 0.31772787444238026, 0.6926131245310403, 0.8405334704245571, 1.0, 0.6432034603778561, 0.5226734673315749, 0.48417393929359964, 0.4223097583362309, 0.17765956560786328, 0.30855158955943673, 0.42241805725683723, 0.34053851772289245, 0.3496931376860891, 0.33717866372568495, 0.4007191258035526, 0.3078325813015824, 0.4142055640801691], [0.308171309910205, 0.25563087730261513, 0.16540224775182322, 0.25017782456298454, 0.13524682036905689, 0.1491229038174432, 0.21282506812161245, 0.7867407169868802, 0.6564646060999231, 0.6432034603778561, 1.0, 0.6349769808313404, 0.6197015410804279, 0.3769163761342784, 0.06417103909184664, 0.5043689775172353, 0.5329677680433689, 0.5508145889325271, 0.46837315113036904, 0.5210219712788013, 0.2781869868852855, 0.29766984891391396, 0.5774880210431431], [0.3322816831650036, 0.20038484479404609, 0.20015004916160478, 0.2829861333502022, 0.1437373938656249, 0.08971714179126039, 0.09235495619642735, 0.7295733502584044, 0.5800318205945543, 0.5226734673315749, 0.6349769808313404, 1.0, 0.5266753099303284, 0.39580932206041836, 0.03726564847491779, 0.4321245406754757, 0.4597686021850697, 0.46120240913199745, 0.3995539408080962, 0.44158336141076815, 0.29319444015461427, 0.31633725130160517, 0.49698111855970456], [0.25528670745295584, 0.17405736358637325, 0.12439589878183467, 0.28694296014761145, 0.07401802129936051, 0.2776953166393901, 0.11279466280573602, 0.5955342022282812, 0.4043175265169031, 0.48417393929359964, 0.6197015410804279, 0.5266753099303284, 1.0, 0.5693498316502602, 0.04629969825781534, 0.4826186069837081, 0.5542272279435665, 0.5570416881604892, 0.4920701454891032, 0.5727648220603182, 0.30069891094726686, 0.33387835893134854, 0.5075717047165027], [0.272836781542248, 0.25729687219527536, 0.28412331889450565, 0.2933261585558158, 0.19181293673370775, 0.4090797133571828, 0.23826172910142326, 0.35241240946668817, 0.37224344358483774, 0.4223097583362309, 0.3769163761342784, 0.39580932206041836, 0.5693498316502602, 1.0, 0.17739494769019376, 0.30624552454274956, 0.34957199964098085, 0.32603245910533923, 0.35738862049858106, 0.43359885780147533, 0.22859003545747292, 0.5542173881113281, 0.4262910008685606], [0.14093908033155927, 0.6289118392714005, 0.749650666074771, 0.2040906538877048, 0.9115598199898891, 0.5869045380891471, 0.5310575607576251, 0.03221088827874023, 0.16397918104584208, 0.17765956560786328, 0.06417103909184664, 0.03726564847491779, 0.04629969825781534, 0.17739494769019376, 1.0, 0.041414811140314166, 0.04207649822540481, 0.024236107123161436, 0.040599330053738655, 0.013138457098539603, 0.2634727605156611, 0.40945091390488064, 0.20061474021897197], [0.2759418475316914