{"Manhattan": [["dlib x VGG-Face", ["Anthar1_Ideal_1.png", "Anthar2_Ideal_2.png", "Anthar3_Ideal_3.png", "Anthar4_Mid_1.png", "Anthar5_Mid_2.png", "Anthar7_right_1.png", "Anthar8_low_1.png", "Dani1_Ideal_1.png", "Dani2_Ideal_2.png", "Dani3_Ideal_3.png", "Dani4_Mid_1.png", "Dani5_Mid_2.png", "Dani6_left_1.png", "Dani7_right_1.png", "Dani8_low_1.png", "Gofur1_Ideal_1.png", "Gofur2_Ideal_2.png", "Gofur3_Ideal_3.png", "Gofur4_Mid_1.png", "Gofur5_Mid_2.png", "Gofur6_left_1.png", "Gofur7_right_1.png", "Gofur9_hi_1.png"], [[0.0, 16.39934947497231, 22.56394034641502, 19.364720930101434, 23.628158356114227, 23.082510173402564, 25.968335200325885, 26.725992500907328, 24.942085712780646, 22.594687899831325, 24.667853471849213, 24.867204623907103, 26.46324909883812, 21.68276504681975, 25.597775210855957, 25.04202962955195, 22.418271285510187, 25.041206213274204, 25.4803023387673, 24.36703078512478, 26.103926597781197, 25.22567773767242, 20.9594058747915], [16.39934947497231, 0.0, 21.032668096258014, 19.780135878887858, 23.694007098548468, 23.53058321111764, 26.257991438106167, 28.472528000937533, 26.35528053906642, 24.26617298356918, 27.000752707790465, 25.87696416675993, 27.833418106798675, 25.45043266980882, 24.825671569890794, 25.856595341534867, 23.597991781254375, 26.312309854896817, 26.631015015698466, 26.293911956491343, 24.843250259112338, 26.761097840700813, 24.247156275924997], [22.56394034641502, 21.032668096258014, 0.0, 17.021562807537077, 17.526194942268152, 23.742869600300228, 20.29420672768461, 31.214223090732606, 30.14625658442429, 27.780878658509096, 28.738378210621967, 26.201447020787718, 27.471954067121096, 27.47388042799302, 22.352414772282664, 28.010924138145267, 26.02019397711507, 27.517748169501505, 25.958201603548847, 25.98511559903783, 23.47123650267146, 25.36562376305346, 28.317690502690425], [19.364720930101434, 19.780135878887858, 17.021562807537077, 0.0, 21.55900338504047, 24.196743089866704, 21.129839665909998, 28.089568975482567, 26.159777187495454, 24.820417599710794, 25.357863740995654, 24.282280518209255, 26.613496245839357, 26.32273357936684, 24.551538979654318, 26.371700887960074, 24.73122106547365, 26.30967801799331, 25.37826354262311, 24.96523068715402, 24.84137073743886, 24.696917102769007, 25.536270243354405], [23.628158356114227, 23.694007098548468, 17.526194942268152, 21.55900338504047, 0.0, 25.24345262286372, 23.24829992038173, 30.946317105526862, 30.951621005903505, 28.115723190694872, 26.36583132537112, 26.303475054562984, 26.954015173630182, 25.09566322608613, 24.590529468408175, 25.39276631659575, 24.567250411301757, 24.521726716441016, 25.840652323071343, 25.75697624998482, 24.065891005720832, 26.14288319794544, 28.295551227460866], [23.082510173402564, 23.53058321111764, 23.742869600300228, 24.196743089866704, 25.24345262286372, 0.0, 25.60527693485566, 28.38830212235799, 25.30127960819737, 25.829934838117154, 28.354901649522517, 27.940623080490443, 25.638679722400127, 24.197990834352353, 23.651856111501562, 27.68309276040814, 26.28514232567672, 28.36102031901344, 27.313099908587684, 27.864223022941953, 26.085813242374297, 24.86714384685254, 27.035778608799507], [25.968335200325885, 26.257991438106167, 20.29420672768461, 21.129839665909998, 23.24829992038173, 25.60527693485566, 0.0, 29.89569362599534, 29.00118027924804, 29.054746260474065, 28.062556626579408, 26.84375211872784, 29.057726879769316, 28.59451989009882, 20.4990577989839, 27.822643353765002, 27.217860715069882, 28.286069687589958, 27.745875331173355, 27.54026856767428, 25.42658085983662, 24.778890810260055, 27.748318171390768], [26.725992500907328, 28.472528000937533, 31.214223090732606, 28.089568975482567, 30.946317105526862, 28.38830212235799, 29.89569362599534, 0.0, 15.404078515231248, 14.670965751776283, 18.83837169968359, 18.6376434127699, 22.623138653046812, 24.22993446494945, 28.394584211286862, 21.62616433473303, 22.18411488269698, 22.124466481320024, 23.920416021413008, 22.612236434752226, 28.3757919678561, 26.871074088207767, 24.76326937877696], [24.942085712780646, 26.35528053906642, 30.14625658442429, 26.159777187495454, 30.951621005903505, 25.30127960819737, 29.00118027924804, 15.404078515231248, 0.0, 13.187579449513233, 22.044851445550517, 23.205029781552412, 23.188582989396348, 24.89158256287496, 27.027893519507757, 24.26630724211402, 24.3001932272814, 25.320018613894494, 25.787707282333148, 24.75879828958077, 29.448631058703125, 28.47111920757049, 25.92329263496996], [22.594687899831325, 24.26617298356918, 27.780878658509096, 24.820417599710794, 28.115723190694872, 25.829934838117154, 29.054746260474065, 14.670965751776283, 13.187579449513233, 0.0, 20.054603132579597, 20.728008600988545, 21.22231310118249, 22.061782038602058, 27.38031722234269, 22.036164102925497, 20.631317088492132, 22.674189024317602, 23.06510530650415, 22.517671986899042, 25.739338669941805, 25.43285673204929, 24.683611838771697], [24.667853471849213, 27.000752707790465, 28.738378210621967, 25.357863740995654, 26.36583132537112, 28.354901649522517, 28.062556626579408, 18.83837169968359, 22.044851445550517, 20.054603132579597, 0.0, 19.528855153626928, 21.1222122184259, 20.322290643702942, 26.86876874220127, 21.2126631896113, 20.77330174864989, 20.942631777045825, 24.58665596678093, 22.75918027353883, 24.52362484387994, 23.029080797266282, 23.548422097342378], [24.867204623907103, 25.87696416675993, 26.201447020787718, 24.282280518209255, 26.303475054562984, 27.940623080490443, 26.84375211872784, 18.6376434127699, 23.205029781552412, 20.728008600988545, 19.528855153626928, 0.0, 24.570074839727262, 24.35725590950367, 25.871802002927396, 23.059369662901375, 22.46225868660314, 22.003763012467257, 23.79505291891946, 22.049860939777144, 23.528169989785205, 22.551498375755454, 24.553966434592635], [26.46324909883812, 27.833418106798675, 27.471954067121096, 26.613496245839357, 26.954015173630182, 25.638679722400127, 29.057726879769316, 22.623138653046812, 23.188582989396348, 21.22231310118249, 21.1222122184259, 24.570074839727262, 0.0, 19.86783411717733, 26.327108259466026, 22.212521611870173, 21.286741077633437, 21.45325681517281, 24.164675208603352, 22.775438692403146, 24.828349100068177, 22.494732324182966, 25.950074861896063], [21.68276504681975, 25.45043266980882, 27.47388042799302, 26.32273357936684, 25.09566322608613, 24.197990834352353, 28.59451989009882, 24.22993446494945, 24.89158256287496, 22.061782038602058, 20.322290643702942, 24.35725590950367, 19.86783411717733, 0.0, 26.44416276876339, 20.601356879818, 16.845206861109794, 20.4136121718732, 20.492173269269117, 20.098394806517124, 25.409907443744885, 20.27921504143357, 21.584042218486452], [25.597775210855957, 24.825671569890794, 22.352414772282664, 24.551538979654318, 24.590529468408175, 23.651856111501562, 20.4990577989839, 28.394584211286862, 27.027893519507757, 27.38031722234269, 26.86876874220127, 25.871802002927396, 26.327108259466026, 26.44416276876339, 0.0, 26.299400668385363, 26.00229911627997, 26.745078314372353, 27.037614903325554, 25.856603843523146, 24.34733347543447, 24.895778457972217, 26.66993077399857], [25.04202962955195, 25.856595341534867, 28.010924138145267, 26.371700887960074, 25.39276631659575, 27.68309276040814, 27.822643353765002, 21.62616433473303, 24.26630724211402, 22.036164102925497, 21.2126631896113, 23.059369662901375, 22.212521611870173, 20.601356879818, 26.299400668385363, 0.0, 11.686132912896861, 9.858889094770896, 14.65651892637463, 13.238893731934615, 23.058329653045302, 19.43592614996967, 18.359729243952764], [22.418271285510187, 23.597991781254375, 26.02019397711507, 24.73122106547365, 24.567250411301757, 26.28514232567672, 27.217860715069882, 22.18411488269698, 24.3001932272814, 20.631317088492132, 20.77330174864989, 22.46225868660314, 21.286741077633437, 16.845206861109794, 26.00229911627997, 11.686132912896861, 0.0, 12.218533569108404, 14.537175745965849, 14.089691959959445, 21.744571333498946, 17.377463807891946, 16.76650846812998], [25.041206213274204, 26.312309854896817, 27.517748169501505, 26.30967801799331, 24.521726716441016, 28.36102031901344, 28.286069687589958, 22.124466481320024, 25.320018613894494, 22.674189024317602, 20.942631777045825, 22.003763012467257, 21.45325681517281, 20.4136121718732, 26.745078314372353, 9.858889094770896, 12.218533569108404, 0.0, 11.80585201931788, 10.293600903378126, 23.05356365126031, 18.060607829656387, 19.607812035444123], [25.4803023387673, 26.631015015698466, 25.958201603548847, 25.37826354262311, 25.840652323071343, 27.313099908587684, 27.745875331173355, 23.920416021413008, 25.787707282333148, 23.06510530650415, 24.58665596678093, 23.79505291891946, 24.164675208603352, 20.492173269269117, 27.037614903325554, 14.65651892637463, 14.537175745965849, 11.80585201931788, 0.0, 11.781165322518348, 23.249109879083775, 19.22910954287634, 20.97624581100434], [24.36703078512478, 26.293911956491343, 25.98511559903783, 24.96523068715402, 25.75697624998482, 27.864223022941953, 27.54026856767428, 22.612236434752226, 24.75879828958077, 22.517671986899042, 22.75918027353883, 22.049860939777144, 22.775438692403146, 20.098394806517124, 25.856603843523146, 13.238893731934615, 14.089691959959445, 10.293600903378126, 11.781165322518348, 0.0, 24.1197154116369, 18.323569507455538, 18.99613096747781], [26.103926597781197, 24.843250259112338, 23.47123650267146, 24.84137073743886, 24.065891005720832, 26.085813242374297, 25.42658085983662, 28.3757919678561, 29.448631058703125, 25.739338669941805, 24.52362484387994, 23.528169989785205, 24.828349100068177, 25.409907443744885, 24.34733347543447, 23.058329653045302, 21.744571333498946, 23.05356365126031, 23.249109879083775, 24.1197154116369, 0.0, 18.776048879673603, 25.42163221293336], [25.22567773767242, 26.761097840700813, 25.36562376305346, 24.696917102769007, 26.14288319794544, 24.86714384685254, 24.778890810260055, 26.871074088207767, 28.47111920757049, 25.43285673204929, 23.029080797266282, 22.551498375755454, 22.494732324182966, 20.27921504143357, 24.895778457972217, 19.43592614996967, 17.377463807891946, 18.060607829656387, 19.22910954287634, 18.323569507455538, 18.776048879673603, 0.0, 22.1703593090746], [20.9594058747915, 24.247156275924997, 28.317690502690425, 25.536270243354405, 28.295551227460866, 27.035778608799507, 27.748318171390768, 24.76326937877696, 25.92329263496996, 24.683611838771697, 23.548422097342378, 24.553966434592635, 25.950074861896063, 21.584042218486452, 26.66993077399857, 18.359729243952764, 16.76650846812998, 19.607812035444123, 20.97624581100434, 18.99613096747781, 25.42163221293336, 22.1703593090746, 0.0]]], ["dlib x Facenet", ["Anthar1_Ideal_1.png", "Anthar2_Ideal_2.png", "Anthar3_Ideal_3.png", "Anthar4_Mid_1.png", "Anthar5_Mid_2.png", "Anthar7_right_1.png", "Anthar8_low_1.png", "Dani1_Ideal_1.png", "Dani2_Ideal_2.png", "Dani3_Ideal_3.png", "Dani4_Mid_1.png", "Dani5_Mid_2.png", "Dani6_left_1.png", "Dani7_right_1.png", "Dani8_low_1.png", "Gofur1_Ideal_1.png", "Gofur2_Ideal_2.png", "Gofur3_Ideal_3.png", "Gofur4_Mid_1.png", "Gofur5_Mid_2.png", "Gofur6_left_1.png", "Gofur7_right_1.png", "Gofur9_hi_1.png"], [[0.0, 21.307137489318848, 34.76411817595363, 61.30873724492267, 46.57106699608266, 65.76962389796972, 69.70610848162323, 93.41245048679411, 39.60521174967289, 47.6217620447278, 64.95887692086399, 91.02803983166814, 65.94971918221563, 95.05455695278943, 33.255366595461965, 57.80263319518417, 61.813976052450016, 61.4818548373878, 60.14454004727304, 37.10414388589561, 59.21715975739062, 52.25877635553479, 23.594723913818598], [21.307137489318848, 0.0, 38.48479490727186, 66.92377105401829, 50.231240497902036, 64.46662889793515, 69.79363884124905, 99.45659624226391, 32.00900547578931, 52.698072984814644, 71.70505422912538, 92.79159394651651, 72.50520041119307, 98.95282357372344, 27.40412007831037, 62.102165586315095, 65.5329852506984, 64.95474861934781, 64.41406380198896, 44.277106465771794, 60.298173075541854, 54.77013020217419, 16.16301142796874], [34.76411817595363, 38.48479490727186, 0.0, 73.81827560858801, 33.153910176828504, 78.02711100503802, 64.7071842039004, 96.14871200732887, 52.02713022753596, 56.83185005187988, 72.74686529673636, 99.9061592631042, 75.78675290476531, 102.1069765035063, 44.24395634792745, 65.30255267303437, 69.16417729784735, 70.88795659691095, 66.19968259520829, 54.08571151830256, 66.42082270793617, 65.05939629301429, 41.22690960019827], [61.30873724492267, 66.92377105401829, 73.81827560858801, 0.0, 74.8236074433662, 66.70711995614693, 95.34294058056548, 96.27386487135664, 70.56865584524348, 59.002931476105005, 78.93728288309649, 96.22275168122724, 75.24513580230996, 97.43026212835684, 73.33890040079132, 66.00216178176925, 67.60894640092738, 66.94918533461168, 67.15054935356602, 52.094492653850466, 79.74608980352059, 66.55122434394434, 67.42479582550004], [46.57106699608266, 50.231240497902036, 33.153910176828504, 74.8236074433662, 0.0, 81.68382936157286, 70.07462798710912, 92.50958222523332, 57.53740040026605, 52.77118698693812, 63.39982354268432, 95.30633541755378, 73.22576902527362, 104.86880407854915, 59.08992540836334, 56.498181571252644, 59.84404812310822, 62.92365266568959, 58.024147272109985, 55.777099411934614, 67.38884640485048, 59.01239148341119, 50.58087618090212], [65.76962389796972, 64.46662889793515, 78.02711100503802, 66.70711995614693, 81.68382936157286, 0.0, 83.59952678810805, 98.71367795579135, 58.33075911179185, 72.94722156226635, 90.58347133547068, 94.76795598492026, 82.34289869386703, 81.96940615214407, 66.20532718859613, 80.33406558353454, 91.32677536900155, 92.13876866921782, 75.66367026977241, 67.08073287270963, 86.77448766864836, 83.43479334935546, 61.93530249968171], [69.70610848162323, 69.79363884124905, 64.7071842039004, 95.34294058056548, 70.07462798710912, 83.59952678810805, 0.0, 113.78187903109938, 71.49576843623072, 83.64223985094577, 97.47260472271591, 119.66649877186865, 99.9755892585963, 125.97049857024103, 66.98618229012936, 89.87430593930185, 96.0551412741188, 99.11289639864117, 85.88962582033128, 88.14993558917195, 90.24396357033402, 88.32459572236985, 66.39544506836683], [93.41245048679411, 99.45659624226391, 96.14871200732887, 96.27386487135664, 92.50958222523332, 98.71367795579135, 113.78187903109938, 0.0, 97.53643091209233, 80.44392749108374, 63.3173774369061, 82.55606024898589, 74.19570846576244, 77.94487487152219, 101.26942213997245, 94.43318761792034, 87.37490464677103, 102.51289367116988, 94.80488190427423, 91.52505109459162, 98.3155740313232, 101.7104067709297, 96.11240944825113], [39.60521174967289, 32.00900547578931, 52.02713022753596, 70.56865584524348, 57.53740040026605, 58.33075911179185, 71.49576843623072, 97.53643091209233, 0.0, 52.33034302666783, 72.0620083194226, 99.67355066165328, 69.66710548941046, 97.45864517055452, 40.30066512338817, 70.26677702460438, 74.67587297526188, 73.36369656398892, 71.35273529402912, 55.84327412955463, 67.4638188984245, 65.28054355084896, 28.485492035746574], [47.6217620447278, 52.698072984814644, 56.83185005187988, 59.002931476105005, 52.77118698693812, 72.94722156226635, 83.64223985094577, 80.44392749108374, 52.33034302666783, 0.0, 43.91664233058691, 91.03864880278707, 53.69380922894925, 91.9349833149463, 57.45770268701017, 52.48655822593719, 47.77664123545401, 56.58485458791256, 59.633322129026055, 44.54107947461307, 53.95477950759232, 55.93668331578374, 49.51609043031931], [64.95887692086399, 71.70505422912538, 72.74686529673636, 78.93728288309649, 63.39982354268432, 90.58347133547068, 97.47260472271591, 63.3173774369061, 72.0620083194226, 43.91664233058691, 0.0, 93.16239527240396, 53.76252698618919, 89.25477004796267, 74.31037906557322, 61.6763060586527, 58.37106690299697, 70.63020489364862, 67.9310567881912, 61.602339623495936, 69.05544408783317, 68.28857701830566, 67.40105471946299], [91.02803983166814, 92.79159394651651, 99.9061592631042, 96.22275168122724, 95.30633541755378, 94.76795598492026, 119.66649877186865, 82.55606024898589, 99.67355066165328, 91.03864880278707, 93.16239527240396, 0.0, 98.98065386805683, 96.67736486159265, 96.81932249106467, 92.87890041526407, 86.14739362266846, 93.97155121341348, 98.46749441511929, 96.0914335269481, 94.71635128371418, 82.59402550011873, 94.53186387568712], [65.94971918221563, 72.50520041119307, 75.78675290476531, 75.24513580230996, 73.22576902527362, 82.34289869386703, 99.9755892585963, 74.19570846576244, 69.66710548941046, 53.69380922894925, 53.76252698618919, 98.98065386805683, 0.0, 79.37011148687452, 77.27709540072829, 62.932932406663895, 55.37227654806338, 66.64817700814456, 70.45485762972385, 58.389946536161005, 56.05639830697328, 64.32379249017686, 67.62075263541192], [95.05455695278943, 98.95282357372344, 102.1069765035063, 97.43026212835684, 104.86880407854915, 81.96940615214407, 125.97049857024103, 77.94487487152219, 97.45864517055452, 91.9349833149463, 89.25477004796267, 96.67736486159265, 79.37011148687452, 0.0, 103.24655149504542, 103.25277979392558, 101.75287416833453, 110.98763914592564, 97.45158365741372, 90.67110833153129, 99.40213659033179, 102.92823745124042, 96.02359797991812], [33.255366595461965, 27.40412007831037, 44.24395634792745, 73.33890040079132, 59.08992540836334, 66.20532718859613, 66.98618229012936, 101.26942213997245, 40.30066512338817, 57.45770268701017, 74.31037906557322, 96.81932249106467, 77.27709540072829, 103.24655149504542, 0.0, 74.46142243500799, 77.0413496431429, 79.43256744556129, 75.56830916181207, 56.0612859018147, 63.907312233000994, 67.39541257359087, 26.771752601489425], [57.80263319518417, 62.102165586315095, 65.30255267303437, 66.00216178176925, 56.498181571252644, 80.33406558353454, 89.87430593930185, 94.43318761792034, 70.26677702460438, 52.48655822593719, 61.6763060586527, 92.87890041526407, 62.932932406663895, 103.25277979392558, 74.46142243500799, 0.0, 29.178685791557655, 26.24742655735463, 36.24960587825626, 44.73162539396435, 59.24404558259994, 47.310279353521764, 63.321663740091026], [61.813976052450016, 65.5329852506984, 69.16417729784735, 67.60894640092738, 59.84404812310822, 91.32677536900155, 96.0551412741188, 87.37490464677103, 74.67587297526188, 47.77664123545401, 58.37106690299697, 86.14739362266846, 55.37227654806338, 101.75287416833453, 77.0413496431429, 29.178685791557655, 0.0, 31.070612414507195, 46.73768770205788, 49.09008927340619, 53.342409416334704, 42.746219269232824, 66.89132874947973], [61.4818548373878, 64.95474861934781, 70.88795659691095, 66.94918533461168, 62.92365266568959, 92.13876866921782, 99.11289639864117, 102.51289367116988, 73.36369656398892, 56.58485458791256, 70.63020489364862, 93.97155121341348, 66.64817700814456, 110.98763914592564, 79.43256744556129, 26.24742655735463, 31.070612414507195, 0.0, 47.62919917143881, 49.7220002617687, 58.874977396801114, 43.98753795027733, 66.46411053836346], [60.14454004727304, 64.41406380198896, 66.19968259520829, 67.15054935356602, 58.024147272109985, 75.66367026977241, 85.88962582033128, 94.80488190427423, 71.35273529402912, 59.633322129026055, 67.9310567881912, 98.46749441511929, 70.45485762972385, 97.45158365741372, 75.56830916181207, 36.24960587825626, 46.73768770205788, 47.62919917143881, 0.0, 43.34558926150203, 63.59415137767792, 61.055670289322734, 65.28350764326751], [37.10414388589561, 44.277106465771794, 54.08571151830256, 52.094492653850466, 55.777099411934614, 67.08073287270963, 88.14993558917195, 91.52505109459162, 55.84327412955463, 44.54107947461307, 61.602339623495936, 96.0914335269481, 58.389946536161005, 90.67110833153129, 56.0612859018147, 44.73162539396435, 49.09008927340619, 49.7220002617687, 43.34558926150203, 0.0, 57.60572072863579, 51.60321374796331, 44.46415880508721], [59.21715975739062, 60.298173075541854, 66.42082270793617, 79.74608980352059, 67.38884640485048, 86.77448766864836, 90.24396357033402, 98.3155740313232, 67.4638188984245, 53.95477950759232, 69.05544408783317, 94.71635128371418, 56.05639830697328, 99.40213659033179, 63.907312233000994, 59.24404558259994, 53.342409416334704, 58.874977396801114, 63.59415137767792, 57.60572072863579, 0.0, 52.31814501993358, 58.4408622328192], [52.25877635553479, 54.77013020217419, 65.05939629301429, 66.55122434394434, 59.01239148341119, 83.43479334935546, 88.32459572236985, 101.7104067709297, 65.28054355084896, 55.93668331578374, 68.28857701830566, 82.59402550011873, 64.32379249017686, 102.92823745124042, 67.39541257359087, 47.310279353521764, 42.746219269232824, 43.98753795027733, 61.055670289322734, 51.60321374796331, 52.31814501993358, 0.0, 54.36926170065999], [23.594723913818598, 16.16301142796874, 41.22690960019827, 67.42479582550004, 50.58087618090212, 61.93530249968171, 66.39544506836683, 96.11240944825113, 28.485492035746574, 49.51609043031931, 67.40105471946299, 94.53186387568712, 67.62075263541192, 96.02359797991812, 26.771752601489425, 63.321663740091026, 66.89132874947973, 66.46411053836346, 65.28350764326751, 44.46415880508721, 58.4408622328192, 54.36926170065999, 0.0]]], ["dlib x Facenet512", ["Anthar1_Ideal_1.png", "Anthar2_Ideal_2.png", "Anthar3_Ideal_3.png", "Anthar4_Mid_1.png", "Anthar5_Mid_2.png", "Anthar7_right_1.png", "Anthar8_low_1.png", "Dani1_Ideal_1.png", "Dani2_Ideal_2.png", "Dani3_Ideal_3.png", "Dani4_Mid_1.png", "Dani5_Mid_2.png", "Dani6_left_1.png", "Dani7_right_1.png", "Dani8_low_1.png", "Gofur1_Ideal_1.png", "Gofur2_Ideal_2.png", "Gofur3_Ideal_3.png", "Gofur4_Mid_1.png", "Gofur5_Mid_2.png", "Gofur6_left_1.png", "Gofur7_right_1.png", "Gofur9_hi_1.png"], [[0.0, 248.7938763629645, 350.924882826861, 274.17526511941105, 381.01474063657224, 384.9201620579697, 376.61199861299247, 332.1083157733083, 350.6274752835743, 298.09531083051115, 298.0123851574026, 313.16830191831104, 368.8851465205662, 291.59427412506193, 424.68478695559315, 441.41817693039775, 414.2129199875053, 439.244118336821, 470.38054251484573, 421.79961253283545, 519.7569239772856, 416.942656658357, 401.5603157696314], [248.7938763629645, 0.0, 339.3336225259118, 323.11679828632623, 375.3038394153118, 407.8676221142523, 403.61001460347325, 369.93163520283997, 366.1023117317818, 349.49150053504854, 309.42301953723654, 329.4774185407441, 368.364467935171, 351.7684297123924, 445.04891482251696, 413.0182253085077, 390.3443417234812, 414.4507069850806, 442.0929721277207, 428.48410839168355, 483.1933677941561, 370.6203338794876, 397.67198427254334], [350.924882826861, 339.3336225259118, 0.0, 280.38768050214276, 308.79349893843755, 469.2484466182068, 357.76560600614175, 444.48232867149636, 417.23106135148555, 431.88764422247186, 375.5437223063782, 344.70182233978994, 464.23056101053953, 385.8215702404268, 451.07143622101285, 430.55745544610545, 426.3253924821038, 439.41196072637103, 445.0432708780281, 476.8900442412123, 444.76441611303017, 376.4610726882238, 424.68468490149826], [274.17526511941105, 323.11679828632623, 280.38768050214276, 0.0, 351.5966502809897, 487.3068492258899, 392.5095551777631, 379.6480056727305, 393.4405811415054, 390.76617082208395, 356.48500812472776, 284.59577354206704, 412.81925064558163, 309.5476026982069, 490.5762438175734, 441.9048131806776, 437.1276031329762, 437.1508048430551, 466.85185071174055, 452.76313701225445, 522.1218014312908, 414.59778040717356, 434.7518082414754], [381.01474063657224, 375.3038394153118, 308.79349893843755, 351.5966502809897, 0.0, 445.19931804342195, 389.8314176341519, 405.6780890189111, 418.58620741358027, 403.90166657883674, 292.95885315863416, 347.7545374047477, 342.89044919097796, 375.9284010445699, 412.5989333379548, 386.37571668438613, 401.11937355971895, 389.5407426583115, 417.216157713905, 440.7269511274062, 419.85819846764207, 349.2977814443875, 353.4484106353484], [384.9201620579697, 407.8676221142523, 469.2484466182068, 487.3068492258899, 445.19931804342195, 0.0, 407.87874617194757, 411.196607505437, 432.2729749986902, 397.2865851758979, 413.9877483462915, 426.27014013868757, 403.61946203466505, 439.19068359723315, 382.0848862633575, 467.4816505382769, 452.65141127747484, 453.8024053031113, 478.38430801359937, 464.8221706971526, 506.83254430023953, 470.4400096263271, 433.32987156137824], [376.61199861299247, 403.61001460347325, 357.76560600614175, 392.5095551777631, 389.8314176341519, 407.87874617194757, 0.0, 446.3902185866609, 438.467654297594, 439.8410084694624, 404.4733227551915, 407.33472679764964, 453.7279001609422, 365.42821595445275, 420.4777996519115, 417.26335551869124, 420.2737488497514, 454.97961525735445, 468.651929683052, 478.08506372896954, 460.70082661602646, 421.23369243810885, 430.5972146675922], [332.1083157733083, 369.93163520283997, 444.48232867149636, 379.6480056727305, 405.6780890189111, 411.196607505437, 446.3902185866609, 0.0, 150.644190301653, 146.74652688670903, 211.19499876024202, 253.40825221384875, 293.4910503770225, 236.52560148295015, 432.97899850155227, 327.3623553160578, 308.2892167198006, 313.1628536430653, 318.3407149259001, 263.18854873394594, 479.8725237585604, 338.7729506723117, 309.891754692886], [350.6274752835743, 366.1023117317818, 417.23106135148555, 393.4405811415054, 418.58620741358027, 432.2729749986902, 438.467654297594, 150.644190301653, 0.0, 163.95395228127018, 251.81864328496158, 275.4243670573924, 362.5187484556809, 266.4100472875871, 427.8171069587115, 334.75278341630474, 318.53687753970735, 324.9042797337752, 310.8774172333069, 260.0539908912033, 479.55324322590604, 340.24672353849746, 312.81356246583164], [298.09531083051115, 349.49150053504854, 431.88764422247186, 390.76617082208395, 403.90166657883674, 397.2865851758979, 439.8410084694624, 146.74652688670903, 163.95395228127018, 0.0, 208.88272197684273, 274.0729771179613, 299.892138173338, 242.54205905273557, 407.0742064116057, 329.9681036444381, 305.1783473219257, 332.69976687501185, 347.5116155156866, 271.03018892975524, 468.74934304039925, 310.4326108645182, 309.640082528349], [298.0123851574026, 309.42301953723654, 375.5437223063782, 356.48500812472776, 292.95885315863416, 413.9877483462915, 404.4733227551915, 211.19499876024202, 251.81864328496158, 208.88272197684273, 0.0, 232.60455326619558, 244.88659058883786, 247.7599636358209, 407.2868383463938, 297.1352663706057, 289.6208028693218, 306.4612531492021, 357.5201263627969, 316.2416757820174, 454.99714317405596, 286.2848588738125, 297.34697036631405], [313.16830191831104, 329.4774185407441, 344.70182233978994, 284.59577354206704, 347.7545374047477, 426.27014013868757, 407.33472679764964, 253.40825221384875, 275.4243670573924, 274.0729771179613, 232.60455326619558, 0.0, 324.58148640184663, 246.45900066918693, 425.4176791119389, 346.77260306547396, 321.32118986779824, 334.60245575848967, 343.4437433395069, 332.0676357189659, 455.73042514617555, 316.08998879790306, 357.49330724333413], [368.8851465205662, 368.364467935171, 464.23056101053953, 412.81925064558163, 342.89044919097796, 403.61946203466505, 453.7279001609422, 293.4910503770225, 362.5187484556809, 299.892138173338, 244.88659058883786, 324.58148640184663, 0.0, 308.53133366117254, 419.60991781693883, 310.13109074765816, 294.6020666214172, 316.5894449169282, 376.66113874921575, 329.1046184580773, 469.7949077109806, 326.0992849303875, 323.5860205711797], [291.59427412506193, 351.7684297123924, 385.8215702404268, 309.5476026982069, 375.9284010445699, 439.19068359723315, 365.42821595445275, 236.52560148295015, 266.4100472875871, 242.54205905273557, 247.7599636358209, 246.45900066918693, 308.53133366117254, 0.0, 437.5101391968783, 344.9981252932921, 320.67860456812195, 347.54047945630737, 381.00469041150063, 321.2694038483314, 495.478532650508, 343.13983691926114, 320.60397090995684], [424.68478695559315, 445.04891482251696, 451.07143622101285, 490.5762438175734, 412.5989333379548, 382.0848862633575, 420.4777996519115, 432.97899850155227, 427.8171069587115, 407.0742064116057, 407.2868383463938, 425.4176791119389, 419.60991781693883, 437.5101391968783, 0.0, 433.8547864786815, 416.82886849017814, 440.50138622988015, 460.8157466768753, 439.7884596923832, 451.88604685361497, 428.51107743848115, 396.30835858290084], [441.41817693039775, 413.0182253085077, 430.55745544610545, 441.9048131806776, 386.37571668438613, 467.4816505382769, 417.26335551869124, 327.3623553160578, 334.75278341630474, 329.9681036444381, 297.1352663706057, 346.77260306547396, 310.13109074765816, 344.9981252932921, 433.8547864786815, 0.0, 95.69231188460253, 114.71256902092136, 201.6122131086886, 179.55860859854147, 359.9255988635123, 194.23974327440374, 202.78941961331293], [414.2129199875053, 390.3443417234812, 426.3253924821038, 437.1276031329762, 401.11937355971895, 452.65141127747484, 420.2737488497514, 308.2892167198006, 318.53687753970735, 305.1783473219257, 289.6208028693218, 321.32118986779824, 294.6020666214172, 320.67860456812195, 416.82886849017814, 95.69231188460253, 0.0, 135.64480435103178, 197.8923693189863, 153.01675258367322, 339.6179788617883, 179.22354350425303, 194.99293634458445], [439.244118336821, 414.4507069850806, 439.41196072637103, 437.1508048430551, 389.5407426583115, 453.8024053031113, 454.97961525735445, 313.1628536430653, 324.9042797337752, 332.69976687501185, 306.4612531492021, 334.60245575848967, 316.5894449169282, 347.54047945630737, 440.50138622988015, 114.71256902092136, 135.64480435103178, 0.0, 173.67171373055317, 163.63356179487891, 396.79864451126195, 224.945466469042, 186.07054724893533], [470.38054251484573, 442.0929721277207, 445.0432708780281, 466.85185071174055, 417.216157713905, 478.38430801359937, 468.651929683052, 318.3407149259001, 310.8774172333069, 347.5116155156866, 357.5201263627969, 343.4437433395069, 376.66113874921575, 381.00469041150063, 460.8157466768753, 201.6122131086886, 197.8923693189863, 173.67171373055317, 0.0, 196.39279863378033, 366.7601044308394, 256.1975665257778, 249.3175839674659], [421.79961253283545, 428.48410839168355, 476.8900442412123, 452.76313701225445, 440.7269511274062, 464.8221706971526, 478.08506372896954, 263.18854873394594, 260.0539908912033, 271.03018892975524, 316.2416757820174, 332.0676357189659, 329.1046184580773, 321.2694038483314, 439.7884596923832, 179.55860859854147, 153.01675258367322, 163.63356179487891, 196.39279863378033, 0.0, 381.60944005521014, 246.08379187830724, 200.8503557164222], [519.7569239772856, 483.1933677941561, 444.76441611303017, 522.1218014312908, 419.85819846764207, 506.83254430023953, 460.70082661602646, 479.8725237585604, 479.55324322590604, 468.74934304039925, 454.99714317405596, 455.73042514617555, 469.7949077109806, 495.478532650508, 451.88604685361497, 359.9255988635123, 339.6179788617883, 396.79864451126195, 366.7601044308394, 381.60944005521014, 0.0, 300.96118483156897, 367.2461762628518], [416.942656658357, 370.6203338794876, 376.4610726882238, 414.59778040717356, 349.2977814443875, 470.4400096263271, 421.23369243810885, 338.7729506723117, 340.24672353849746, 310.4326108645182, 286.2848588738125, 316.08998879790306, 326.0992849303875, 343.13983691926114, 428.51107743848115, 194.23974327440374, 179.22354350425303, 224.945466469042, 256.1975665257778, 246.08379187830724, 300.96118483156897, 0.0, 213.25219116848893], [401.5603157696314, 397.67198427254334, 424.68468490149826, 434.7518082414754, 353.4484106353484, 433.32987156137824, 430.5972146675922, 309.891754692886, 312.81356246583164, 309.640082528349, 297.34697036631405, 357.49330724333413, 323.5860205711797, 320.60397090995684, 396.30835858290084, 202.78941961331293, 194.99293634458445, 186.07054724893533, 249.3175839674659, 200.8503557164222, 367.2461762628518, 213.25219116848893, 0.0]]], ["dlib x ArcFace", ["Anthar1_Ideal_1.png", "Anthar2_Ideal_2.png", "Anthar3_Ideal_3.png", "Anthar4_Mid_1.png", "Anthar5_Mid_2.png", "Anthar7_right_1.png", "Anthar8_low_1.png", "Dani1_Ideal_1.png", "Dani2_Ideal_2.png", "Dani3_Ideal_3.png", "Dani4_Mid_1.png", "Dani5_Mid_2.png", "Dani6_left_1.png", "Dani7_right_1.png", "Dani8_low_1.png", "Gofur1_Ideal_1.png", "Gofur2_Ideal_2.png", "Gofur3_Ideal_3.png", "Gofur4_Mid_1.png", "Gofur5_Mid_2.png", "Gofur6_left_1.png", "Gofur7_right_1.png", "Gofur9_hi_1.png"], [[0.0, 58.9305494496366, 63.68698908726219, 52.02101076405961, 91.32588236557785, 74.77904294629116, 70.23399613972288, 83.48601289547514, 70.0275186143117, 72.74137570511084, 78.84592544205952, 82.77454076055437, 86.41356189828366, 74.16831854498014, 253.4495855186833, 91.51661372219678, 82.76689233037177, 94.32816999359056, 93.06101231451612, 96.33285142842215, 82.62594982457813, 87.17569167760666, 72.52970692244708], [58.9305494496366, 0.0, 48.827171047218144, 65.8273082417436, 59.70474277343601, 63.71476452006027, 60.141994945472106, 90.11750193708576, 70.87772613298148, 71.64846335747279, 84.10282799834386, 91.61329187394585, 93.66114323760848, 80.54008475888986, 215.1906780230347, 96.307758706389, 86.51883762329817, 101.591192748514, 100.31367720337585, 105.63940445217304, 80.67748775170185, 77.40308155235834, 73.72080864434247], [63.68698908726219, 48.827171047218144, 0.0, 69.9794653612189, 47.609281124547124, 56.19476523948833, 49.81724078278057, 86.57469806796871, 71.0232640649192, 76.78536884044297, 81.88642672123387, 84.91766055335756, 89.34957575902808, 72.31026201962959, 212.75418414757587, 93.85383048816584, 84.926453653723, 100.84180610638577, 96.65965520497411, 101.20324597344734, 72.8688458527904, 66.1278718735557, 71.90059791275417], [52.02101076405961, 65.8273082417436, 69.9794653612189, 0.0, 93.10686043323949, 73.19289523828775, 72.29625741555355, 90.45337504032068, 74.82319449540228, 75.42792878928594, 82.89580563083291, 84.75464767694939, 86.42897043272387, 76.90237030375283, 249.83324632490985, 93.84824658394791, 82.79462065501139, 98.31327970756683, 94.23196135601029, 96.43339532264508, 84.00410571950488, 82.59184684208594, 76.16392500788788], [91.32588236557785, 59.70474277343601, 47.609281124547124, 93.10686043323949, 0.0, 71.826049530413, 66.99860575166531, 104.61501294816844, 90.21329680737108, 94.68834604811855, 100.29582521459088, 102.80918082746211, 106.88918507832568, 94.45553567341994, 180.63537406758405, 109.63415158144198, 103.92245634458959, 115.81518279958982, 111.57893838500604, 119.08542836573906, 85.42460559750907, 82.22073726798408, 89.63233865288203], [74.77904294629116, 63.71476452006027, 56.19476523948833, 73.19289523828775, 71.826049530413, 0.0, 59.65114621561952, 92.30280401022173, 74.11363862361759, 76.40073329000734, 82.58553274907172, 91.57199409522582, 82.95993731019553, 66.83991909993347, 223.38662909227423, 92.3428188089747, 82.22392761847004, 103.23679352423642, 95.10665268683806, 97.71936455066316, 70.47945707873441, 62.824703339720145, 68.96418780370732], [70.23399613972288, 60.141994945472106, 49.81724078278057, 72.29625741555355, 66.99860575166531, 59.65114621561952, 0.0, 86.14939159760252, 67.95945493248291, 72.51526891347021, 78.26984209776856, 90.05614706187043, 88.46108210820239, 72.22185158508364, 230.3344612517394, 89.07480877405033, 79.7131549611222, 98.10247763514053, 96.7903843021486, 101.81471296492964, 69.92362573184073, 70.55572095373645, 67.91920696411398], [83.48601289547514, 90.11750193708576, 86.57469806796871, 90.45337504032068, 104.61501294816844, 92.30280401022173, 86.14939159760252, 0.0, 55.90224671200849, 56.10114145139232, 46.977593642892316, 55.51563052937854, 67.48896257800516, 75.6076288324548, 262.456048455555, 77.75608415249735, 68.50120090530254, 78.93344722792972, 75.06410226481967, 80.59857616387308, 78.64750866545364, 85.5350828031078, 65.47223284168285], [70.0275186143117, 70.87772613298148, 71.0232640649192, 74.82319449540228, 90.21329680737108, 74.11363862361759, 67.95945493248291, 55.90224671200849, 0.0, 36.20923916413449, 50.91072902875021, 61.1915142032085, 73.9697369633941, 62.58386449504178, 250.95913887326606, 84.39046901394613, 69.78434398816898, 89.75876451155636, 85.9001628505066, 86.4877059373539, 68.2232136700768, 72.63721368950792, 60.30466971968417], [72.74137570511084, 71.64846335747279, 76.78536884044297, 75.42792878928594, 94.68834604811855, 76.40073329000734, 72.51526891347021, 56.10114145139232, 36.20923916413449, 0.0, 55.98972356808372, 68.1176726660924, 73.17247320956085, 66.31918926525395, 250.90636805910617, 87.02764076786116, 72.31368523812853, 91.31052085582633, 85.81341909547336, 89.12145739980042, 71.44074865942821, 76.43540978431702, 67.65627186492202], [78.84592544205952, 84.10282799834386, 81.88642672123387, 82.89580563083291, 100.29582521459088, 82.58553274907172, 78.26984209776856, 46.977593642892316, 50.91072902875021, 55.98972356808372, 0.0, 59.08094402693678, 63.70588285184931, 68.33307693887036, 256.1719725856092, 74.7821086870972, 65.65611792588606, 75.76494992047083, 78.85383650660515, 77.45711421524175, 77.92224285262637, 76.34574636514299, 57.06174115560134], [82.77454076055437, 91.61329187394585, 84.91766055335756, 84.75464767694939, 102.80918082746211, 91.57199409522582, 90.05614706187043, 55.51563052937854, 61.1915142032085, 68.1176726660924, 59.08094402693678, 0.0, 73.22143740113825, 73.28736629523337, 259.0144997908501, 83.92750237381551, 74.66872445808258, 86.49231482460164, 87.75933380273636, 85.65180690784473, 82.47134888463188, 81.2715038388269, 67.89261266673566], [86.41356189828366, 93.66114323760848, 89.34957575902808, 86.42897043272387, 106.88918507832568, 82.95993731019553, 88.46108210820239, 67.48896257800516, 73.9697369633941, 73.17247320956085, 63.70588285184931, 73.22143740113825, 0.0, 64.22852548118681, 260.14173602790106, 79.99201190040912, 68.37889560859185, 78.18307816865854, 80.10079347540159, 76.89060149888974, 82.33646676514763, 81.76588989060838, 68.2255162342044], [74.16831854498014, 80.54008475888986, 72.31026201962959, 76.90237030375283, 94.45553567341994, 66.83991909993347, 72.22185158508364, 75.6076288324548, 62.58386449504178, 66.31918926525395, 68.33307693887036, 73.28736629523337, 64.22852548118681, 0.0, 249.1918875320116, 84.37078306369949, 73.51897735556122, 89.54020447726361, 84.40615572815295, 82.33432042144705, 75.81603675836232, 58.03109717939515, 62.03576529902057], [253.4495855186833, 215.1906780230347, 212.75418414757587, 249.83324632490985, 180.63537406758405, 223.38662909227423, 230.3344612517394, 262.456048455555, 250.95913887326606, 250.90636805910617, 256.1719725856092, 259.0144997908501, 260.14173602790106, 249.1918875320116, 0.0, 262.35121200606227, 261.36865473887883, 267.0747375654755, 264.25461800792255, 269.0913296388462, 246.0914339502342, 234.44174908660352, 248.67660944515956], [91.51661372219678, 96.307758706389, 93.85383048816584, 93.84824658394791, 109.63415158144198, 92.3428188089747, 89.07480877405033, 77.75608415249735, 84.39046901394613, 87.02764076786116, 74.7821086870972, 83.92750237381551, 79.99201190040912, 84.37078306369949, 262.35121200606227, 0.0, 34.31329803704284, 35.14511997497175, 51.73465472017415, 51.617518321145326, 75.87618894316256, 75.53759951516986, 55.439747245254694], [82.76689233037177, 86.51883762329817, 84.926453653723, 82.79462065501139, 103.92245634458959, 82.22392761847004, 79.7131549611222, 68.50120090530254, 69.78434398816898, 72.31368523812853, 65.65611792588606, 74.66872445808258, 68.37889560859185, 73.51897735556122, 261.36865473887883, 34.31329803704284, 0.0, 41.92398106271867, 54.025123544503, 49.339878373080865, 67.45706082112156, 64.22059121658094, 43.35127975002979], [94.32816999359056, 101.591192748514, 100.84180610638577, 98.31327970756683, 115.81518279958982, 103.23679352423642, 98.10247763514053, 78.93344722792972, 89.75876451155636, 91.31052085582633, 75.76494992047083, 86.49231482460164, 78.18307816865854, 89.54020447726361, 267.0747375654755, 35.14511997497175, 41.92398106271867, 0.0, 50.036750724422745, 49.81184579629917, 84.20603157731239, 82.92346043454017, 56.49045956422924], [93.06101231451612, 100.31367720337585, 96.65965520497411, 94.23196135601029, 111.57893838500604, 95.10665268683806, 96.7903843021486, 75.06410226481967, 85.9001628505066, 85.81341909547336, 78.85383650660515, 87.75933380273636, 80.10079347540159, 84.40615572815295, 264.25461800792255, 51.73465472017415, 54.025123544503, 50.036750724422745, 0.0, 40.485447929939255, 81.80548332096078, 78.46255234046839, 63.54834382046829],